sim_number	index_location_0,index_location_1,index_location_2,index_location_3,index_location_4	R_0_0,R_0_1,R_0_2,R_0_3,R_0_4	S_0_0,S_0_1,S_0_2,S_0_3,S_0_4	beta_0,beta_1,beta_2,beta_3,beta_4 	mu	sampling_rate_0,sampling_rate_1,sampling_rate_2,sampling_rate_3,sampling_rate_4	max_tips	mean_migration_rate	 tree_length	num_tips	mean_branch_length	loc0_imports_per_capita_from_0,loc0_imports_per_capita_from_1,loc0_imports_per_capita_from_2,loc0_imports_per_capita_from_3,loc0_imports_per_capita_from_4:loc1_imports_per_capita_from_0,loc1_imports_per_capita_from_1,loc1_imports_per_capita_from_2,loc1_imports_per_capita_from_3,loc1_imports_per_capita_from_4:loc2_imports_per_capita_from_0,loc2_imports_per_capita_from_1,loc2_imports_per_capita_from_2,loc2_imports_per_capita_from_3,loc2_imports_per_capita_from_4:loc3_imports_per_capita_from_0,loc3_imports_per_capita_from_1,loc3_imports_per_capita_from_2,loc3_imports_per_capita_from_3,loc3_imports_per_capita_from_4:loc4_imports_per_capita_from_0,loc4_imports_per_capita_from_1,loc4_imports_per_capita_from_2,loc4_imports_per_capita_from_3,loc4_imports_per_capita_from_4	 infections_per_capita_0,infections_per_capita_1,infections_per_capita_2,infections_per_capita_3,infections_per_capita_4	time_of_first_import_0,time_of_first_import_1,time_of_first_import_2,time_of_first_import_3,time_of_first_import_4	proportion_tips_sampled 	time_of_mass_sample	runtime	num_I_at_mass_sample_time	num_extant_sampled
sim1	0,1,0,0,0	3.79154,3.79154,3.79154,3.79154,3.79154	1000000,1000000,1000000,1000000,1000000	0.000000121063,0.000000121063,0.000000121063,0.000000121063,0.000000121063	.03041	.00152,.00152,.00152,.00152,.00152	499	.00239	100.00000999	499	18.21978291	0,7e-05,9e-05,6e-05,1e-04:0.00039,0,9e-05,5e-05,9e-05:0.00037,7e-05,0,6e-05,9e-05:0.00039,7e-05,6e-05,0,9e-05:4e-04,7e-05,8e-05,6e-05,0	0.019285,0.003416,0.00393,0.002845,0.004765	2.49303905,0,28.86056008,29.88506709,30.93524785	0.724238	100	100	25158	187
sim2	0,0,1,0,0	4.92134,4.92134,4.92134,4.92134,4.92134	1000000,1000000,1000000,1000000,1000000	0.000000113929,0.000000113929,0.000000113929,0.000000113929,0.000000113929	.02140	.00175,.00175,.00175,.00175,.00175	499	.00442	100.00000982	307	15.62920027	0,6e-05,2e-04,6e-05,8e-05:7e-05,0,2e-04,8e-05,6e-05:8e-05,6e-05,0,6e-05,7e-05:6e-05,6e-05,0.00019,0,8e-05:7e-05,6e-05,0.00022,6e-05,0	0.00193,0.001594,0.005757,0.001711,0.001833	32.9659819,40.451483,0,28.48878065,46.04908771	1	100	100	10191	103
sim4	0,0,1,0,0	3.94610,3.94610,3.94610,3.94610,3.94610	1000000,1000000,1000000,1000000,1000000	0.000000121855,0.000000121855,0.000000121855,0.000000121855,0.000000121855	.02807	.00281,.00281,.00281,.00281,.00281	499	.00293	100.00000989	108	14.87434894	0,0,6e-05,1e-05,1e-05:1e-05,0,5e-05,1e-05,1e-05:1e-05,0,0,1e-05,1e-05:1e-05,0,6e-05,0,0:1e-05,0,6e-05,1e-05,0	0.000392,0.000158,0.002049,0.000409,0.000245	54.34493899,67.39627901,0,29.69693613,40.19296373	1	100	100	2423	23
sim15	0,0,0,1,0	2.51450,2.51450,2.51450,2.51450,2.51450	1000000,1000000,1000000,1000000,1000000	0.000000104050,0.000000104050,0.000000104050,0.000000104050,0.000000104050	.04003	.00135,.00135,.00135,.00135,.00135	499	.00360	100.00000893	20	22.63699974	0,0,0,1e-05,1e-05:0,0,0,2e-05,1e-05:0,0,0,2e-05,1e-05:1e-05,0,0,0,1e-05:0,0,0,2e-05,0	0.000142,6.5e-05,0.000111,0.000611,0.000335	54.61997124,46.91200657,59.80388839,0,48.30814208	1	100	100	758	8
sim17	0,1,0,0,0	3.66554,3.66554,3.66554,3.66554,3.66554	1000000,1000000,1000000,1000000,1000000	0.000000119606,0.000000119606,0.000000119606,0.000000119606,0.000000119606	.02785	.00478,.00478,.00478,.00478,.00478	499	.00048	100.00000984	258	12.77732219	0,2e-05,0,0,0:0,0,0,0,0:0,1e-05,0,0,0:0,3e-05,0,0,0:0,2e-05,0,0,0	0.000699,0.00448,0.000158,8.5e-05,0.000156	39.9810657,0,53.57937472,77.83179467,45.36146731	1	100	100	4054	35
sim25	0,0,0,0,1	4.55966,4.55966,4.55966,4.55966,4.55966	1000000,1000000,1000000,1000000,1000000	0.000000129038,0.000000129038,0.000000129038,0.000000129038,0.000000129038	.02601	.00229,.00229,.00229,.00229,.00229	499	.00120	100.00000999	499	16.73273233	0,3e-05,7e-05,1e-05,0.00024:1e-05,0,7e-05,1e-05,0.00022:2e-05,2e-05,0,1e-05,0.00021:1e-05,3e-05,7e-05,0,0.00024:2e-05,2e-05,9e-05,2e-05,0	0.001946,0.002636,0.007929,0.001871,0.023867	52.2805625,35.18396677,11.65349305,41.69121067,0	0.522513	100	100	29847	165
sim28	0,1,0,0,0	3.44306,3.44306,3.44306,3.44306,3.44306	1000000,1000000,1000000,1000000,1000000	0.000000098987,0.000000098987,0.000000098987,0.000000098987,0.000000098987	.02518	.00357,.00357,.00357,.00357,.00357	499	.00375	100.00000866	145	15.64313966	0,2e-05,3e-05,1e-05,3e-05:2e-05,0,3e-05,1e-05,4e-05:3e-05,2e-05,0,0,5e-05:2e-05,3e-05,2e-05,0,4e-05:3e-05,2e-05,3e-05,1e-05,0	0.000573,7e-04,0.000733,0.000209,0.000986	19.54898546,0,21.88064065,45.01706876,18.74798221	1	100	100	2299	24
sim34	0,0,0,0,1	2.68112,2.68112,2.68112,2.68112,2.68112	1000000,1000000,1000000,1000000,1000000	0.000000083999,0.000000083999,0.000000083999,0.000000083999,0.000000083999	.02772	.00361,.00361,.00361,.00361,.00361	499	.00152	100.00000567	30	16.18819009	0,0,0,0,0:0,0,0,0,1e-05:0,0,0,0,1e-05:0,0,0,0,1e-05:0,0,0,0,0	5.1e-05,0.000105,4e-06,5.1e-05,0.000395	52.02316536,31.67244956,75.70194978,35.41686619,0	1	100	100	369	2
sim36	0,0,0,0,1	4.18724,4.18724,4.18724,4.18724,4.18724	1000000,1000000,1000000,1000000,1000000	0.000000177580,0.000000177580,0.000000177580,0.000000177580,0.000000177580	.04198	.00043,.00043,.00043,.00043,.00043	499	.00338	100.00000982	255	15.54987308	0,6e-05,9e-05,5e-05,0.00032:6e-05,0,8e-05,5e-05,3e-04:8e-05,7e-05,0,3e-05,3e-04:5e-05,7e-05,7e-05,0,0.00029:6e-05,6e-05,6e-05,4e-05,0	0.003109,0.003753,0.003743,0.002082,0.015305	55.41939992,50.10697705,54.05671269,60.28949912,0	1	100	100	21082	192
sim37	0,0,1,0,0	2.52842,2.52842,2.52842,2.52842,2.52842	1000000,1000000,1000000,1000000,1000000	0.000000096990,0.000000096990,0.000000096990,0.000000096990,0.000000096990	.03389	.00447,.00447,.00447,.00447,.00447	499	.00195	100.00000978	33	17.18534355	0,0,0,0,0:0,0,0,1e-05,0:0,0,0,0,0:0,0,1e-05,0,0:0,0,1e-05,0,0	4.9e-05,0.000126,0.000197,0.000286,1.4e-05	63.80860619,29.48939625,0,9.13605714,56.59799213	1	100	100	417	3
sim42	0,0,1,0,0	3.22004,3.22004,3.22004,3.22004,3.22004	1000000,1000000,1000000,1000000,1000000	0.000000102976,0.000000102976,0.000000102976,0.000000102976,0.000000102976	.02742	.00456,.00456,.00456,.00456,.00456	499	.00143	100.00000668	40	14.13300599	0,0,0,0,0:0,0,1e-05,0,0:0,0,0,0,0:0,0,0,0,0:0,1e-05,0,0,0	0.000121,0.000386,0.000215,1.2e-05,5.6e-05	59.88610484,33.5062334,0,74.79896538,49.36221905	1	100	100	532	3
sim48	0,0,0,1,0	4.98374,4.98374,4.98374,4.98374,4.98374	1000000,1000000,1000000,1000000,1000000	0.000000114326,0.000000114326,0.000000114326,0.000000114326,0.000000114326	.01830	.00464,.00464,.00464,.00464,.00464	499	.00199	100.00000968	275	13.53378891	0,1e-05,0,7e-05,1e-05:0,0,1e-05,8e-05,1e-05:0,1e-05,0,7e-05,2e-05:0,0,1e-05,0,2e-05:0,1e-05,1e-05,8e-05,0	0.000238,0.000423,0.000336,0.004145,0.000688	59.07929431,44.18513216,40.40166121,0,57.07652322	1	100	100	4700	52
sim51	0,0,1,0,0	5.24102,5.24102,5.24102,5.24102,5.24102	1000000,1000000,1000000,1000000,1000000	0.000000119233,0.000000119233,0.000000119233,0.000000119233,0.000000119233	.01799	.00476,.00476,.00476,.00476,.00476	499	.00478	100.00000995	499	17.61035671	0,0.00025,0.00072,2e-04,0.00022:0.00027,0,0.00073,0.00022,0.00021:0.00029,0.00024,0,0.00021,0.00023:0.00026,0.00024,0.00076,0,0.00025:0.00027,0.00026,0.00071,2e-04,0	0.006401,0.006305,0.018117,0.005097,0.005559	31.49236554,30.22597386,0,21.04740812,27.0021054	0.246785	100	100	33555	94
sim52	0,1,0,0,0	4.46390,4.46390,4.46390,4.46390,4.46390	1000000,1000000,1000000,1000000,1000000	0.000000092134,0.000000092134,0.000000092134,0.000000092134,0.000000092134	.02034	.00030,.00030,.00030,.00030,.00030	499	.00302	100.00000997	33	28.63984608	0,8e-05,1e-05,2e-05,1e-05:1e-05,0,2e-05,2e-05,1e-05:1e-05,7e-05,0,2e-05,2e-05:2e-05,7e-05,1e-05,0,1e-05:1e-05,7e-05,0,2e-05,0	0.000308,0.002104,0.000281,0.000584,0.000354	45.52268611,0,49.48586206,32.60005766,29.58021688	1	100	100	2803	25
sim54	0,0,0,1,0	2.20430,2.20430,2.20430,2.20430,2.20430	1000000,1000000,1000000,1000000,1000000	0.000000116894,0.000000116894,0.000000116894,0.000000116894,0.000000116894	.04986	.00317,.00317,.00317,.00317,.00317	499	.00271	100.00000974	72	16.24821298	0,1e-05,0,3e-05,1e-05:0,0,1e-05,2e-05,0:0,0,0,4e-05,1e-05:0,1e-05,0,0,1e-05:0,1e-05,1e-05,3e-05,0	7e-05,0.000288,0.000225,0.001542,0.000233	55.88876406,43.66290133,47.71272828,0,10.83142121	1	100	100	1308	19
sim62	0,0,0,1,0	3.66740,3.66740,3.66740,3.66740,3.66740	1000000,1000000,1000000,1000000,1000000	0.000000103310,0.000000103310,0.000000103310,0.000000103310,0.000000103310	.02702	.00115,.00115,.00115,.00115,.00115	499	.00197	100.00000851	22	17.46659532	0,0,0,2e-05,0:0,0,0,2e-05,0:0,0,0,2e-05,0:0,0,0,0,0:0,0,0,1e-05,0	6.3e-05,3.8e-05,4.8e-05,0.000943,2.1e-05	47.1261692,71.45404643,68.75438819,0,55.42842489	1	100	100	819	7
sim67	0,0,0,0,1	2.48396,2.48396,2.48396,2.48396,2.48396	1000000,1000000,1000000,1000000,1000000	0.000000121937,0.000000121937,0.000000121937,0.000000121937,0.000000121937	.04801	.00108,.00108,.00108,.00108,.00108	499	.00472	100.00000898	76	21.08674046	0,3e-05,3e-05,3e-05,8e-05:2e-05,0,3e-05,3e-05,8e-05:3e-05,3e-05,0,3e-05,8e-05:4e-05,4e-05,4e-05,0,8e-05:2e-05,3e-05,3e-05,3e-05,0	0.000913,0.000818,9e-04,0.000803,0.002124	32.545523,28.46505905,20.62943281,35.24455133,0	1	100	100	3296	29
sim69	0,0,0,0,1	2.98934,2.98934,2.98934,2.98934,2.98934	1000000,1000000,1000000,1000000,1000000	0.000000115777,0.000000115777,0.000000115777,0.000000115777,0.000000115777	.03500	.00373,.00373,.00373,.00373,.00373	499	.00380	100.00000962	214	13.72033588	0,3e-05,2e-05,2e-05,9e-05:2e-05,0,2e-05,1e-05,9e-05:2e-05,2e-05,0,2e-05,9e-05:2e-05,2e-05,2e-05,0,9e-05:2e-05,1e-05,3e-05,2e-05,0	0.000673,0.000633,0.000692,0.00047,0.003153	34.29469973,35.1452143,33.53216333,38.83051214,0	1	100	100	3826	38
sim72	0,0,0,1,0	6.49370,6.49370,6.49370,6.49370,6.49370	1000000,1000000,1000000,1000000,1000000	0.000000115328,0.000000115328,0.000000115328,0.000000115328,0.000000115328	.01542	.00234,.00234,.00234,.00234,.00234	499	.00218	100.00000994	414	14.83036206	0,4e-05,2e-05,0.00014,2e-05:1e-05,0,2e-05,0.00017,2e-05:2e-05,4e-05,0,0.00017,1e-05:2e-05,4e-05,3e-05,0,2e-05:1e-05,4e-05,3e-05,0.00015,0	0.000753,0.002351,0.00138,0.008472,0.000789	42.99551248,44.99250937,47.35259803,0,47.15856389	1	100	100	11647	117
sim73	0,0,0,0,1	3.63002,3.63002,3.63002,3.63002,3.63002	1000000,1000000,1000000,1000000,1000000	0.000000162624,0.000000162624,0.000000162624,0.000000162624,0.000000162624	.04299	.00181,.00181,.00181,.00181,.00181	499	.00019	100.00000997	430	12.82738780	0,0,0,0,3e-05:0,0,0,0,3e-05:0,0,0,0,2e-05:0,0,0,0,4e-05:0,0,0,0,0	9.3e-05,0.000158,0.000266,0.000167,0.022846	46.25355798,76.00226009,56.66353295,63.36905646,0	1	100	100	16967	168
sim76	0,0,0,0,1	2.54126,2.54126,2.54126,2.54126,2.54126	1000000,1000000,1000000,1000000,1000000	0.000000133390,0.000000133390,0.000000133390,0.000000133390,0.000000133390	.04855	.00394,.00394,.00394,.00394,.00394	499	.00201	100.00000992	168	13.24439581	0,1e-05,2e-05,1e-05,0:3e-05,0,2e-05,1e-05,0:4e-05,1e-05,0,1e-05,0:4e-05,1e-05,2e-05,0,0:3e-05,1e-05,2e-05,1e-05,0	0.002164,0.000448,0.001219,5e-04,0.000227	24.64726891,58.1871013,3.79598331,54.06890487,0	1	100	100	2700	37
sim83	0,1,0,0,0	3.42566,3.42566,3.42566,3.42566,3.42566	1000000,1000000,1000000,1000000,1000000	0.000000160492,0.000000160492,0.000000160492,0.000000160492,0.000000160492	.04473	.00212,.00212,.00212,.00212,.00212	499	.00376	100.00000989	499	12.53262105	0,6e-05,0.00024,6e-05,0.00015:6e-05,0,0.00021,7e-05,0.00015:8e-05,6e-05,0,6e-05,0.00013:8e-05,5e-05,0.00024,0,0.00014:6e-05,5e-05,2e-04,6e-05,0	0.002612,0.002433,0.009474,0.002537,0.006499	35.50196124,0,1.24729182,44.69018662,25.04107231	0.96332	100	100	16612	169
sim84	0,1,0,0,0	3.54926,3.54926,3.54926,3.54926,3.54926	1000000,1000000,1000000,1000000,1000000	0.000000132990,0.000000132990,0.000000132990,0.000000132990,0.000000132990	.03526	.00221,.00221,.00221,.00221,.00221	499	.00250	100.00000996	129	14.84565355	0,1e-05,6e-05,1e-05,1e-05:1e-05,0,6e-05,1e-05,2e-05:1e-05,1e-05,0,1e-05,2e-05:1e-05,1e-05,5e-05,0,1e-05:1e-05,0,7e-05,1e-05,0	0.000762,0.000406,0.003187,0.000466,0.000715	52.13900274,0,18.93940727,49.03615482,40.84912918	1	100	100	4036	52
sim85	0,0,1,0,0	3.08966,3.08966,3.08966,3.08966,3.08966	1000000,1000000,1000000,1000000,1000000	0.000000085738,0.000000085738,0.000000085738,0.000000085738,0.000000085738	.02400	.00375,.00375,.00375,.00375,.00375	499	.00261	100.00000899	41	17.39490060	0,0,2e-05,0,0:0,0,2e-05,0,0:1e-05,0,0,0,0:1e-05,0,1e-05,0,0:1e-05,0,1e-05,0,0	0.000265,5.5e-05,0.000482,2.9e-05,4.9e-05	29.94375536,36.81146969,0,55.28890853,59.01323249	1	100	100	604	5
sim94	0,0,0,0,1	4.31066,4.31066,4.31066,4.31066,4.31066	1000000,1000000,1000000,1000000,1000000	0.000000131044,0.000000131044,0.000000131044,0.000000131044,0.000000131044	.02862	.00178,.00178,.00178,.00178,.00178	499	.00076	100.00000993	239	15.34829666	0,0,0,1e-05,6e-05:0,0,0,0,5e-05:0,0,0,0,5e-05:0,0,0,0,6e-05:1e-05,0,0,0,0	0.000242,0.00037,0.000518,0.000536,0.009628	59.95867254,57.23855703,58.23975799,53.39431532,0	1	100	100	8674	85
sim96	1,0,0,0,0	3.06584,3.06584,3.06584,3.06584,3.06584	1000000,1000000,1000000,1000000,1000000	0.000000147620,0.000000147620,0.000000147620,0.000000147620,0.000000147620	.04494	.00321,.00321,.00321,.00321,.00321	499	.00435	100.00000935	70	12.89628869	0,2e-05,2e-05,1e-05,1e-05:0,0,1e-05,1e-05,3e-05:1e-05,2e-05,0,1e-05,2e-05:0,2e-05,1e-05,0,1e-05:0,1e-05,2e-05,1e-05,0	0.00018,0.000642,0.000486,0.00029,0.000598	0,39.76058846,1.33695396,46.35258605,24.73661778	1	100	100	1477	20
sim99	0,0,0,1,0	2.96678,2.96678,2.96678,2.96678,2.96678	1000000,1000000,1000000,1000000,1000000	0.000000103807,0.000000103807,0.000000103807,0.000000103807,0.000000103807	.03279	.00220,.00220,.00220,.00220,.00220	499	.00030	100.00000932	28	17.92373367	0,0,0,0,0:0,0,0,0,0:0,0,0,0,0:0,0,0,0,0:0,0,0,0,0	0,3e-06,2.4e-05,0.000897,0	95.82869977,80.16769784,72.35926549,0,99.5867626	1	100	100	635	9
sim101	0,0,0,0,1	4.32824,4.32824,4.32824,4.32824,4.32824	1000000,1000000,1000000,1000000,1000000	0.000000098597,0.000000098597,0.000000098597,0.000000098597,0.000000098597	.01932	.00346,.00346,.00346,.00346,.00346	499	.00043	100.00000995	187	15.11480297	0,0,0,0,1e-05:0,0,0,0,2e-05:0,0,0,0,1e-05:0,0,0,0,2e-05:0,0,0,0,0	2.8e-05,0.000169,4.9e-05,0.000129,0.004099	68.38907259,58.21649847,61.02083307,69.94252773,0	1	100	100	3479	34
sim102	0,0,1,0,0	3.07118,3.07118,3.07118,3.07118,3.07118	1000000,1000000,1000000,1000000,1000000	0.000000066675,0.000000066675,0.000000066675,0.000000066675,0.000000066675	.01771	.00400,.00400,.00400,.00400,.00400	499	.00272	100.00000739	22	18.39965929	0,0,1e-05,0,0:0,0,1e-05,0,0:0,0,0,0,0:0,0,1e-05,0,0:0,0,1e-05,0,0	6e-06,3.1e-05,0.000228,2.5e-05,1.2e-05	71.99017657,47.02810535,0,61.60154519,52.80498306	1	100	100	215	1
sim105	0,0,1,0,0	7.27502,7.27502,7.27502,7.27502,7.27502	1000000,1000000,1000000,1000000,1000000	0.000000105778,0.000000105778,0.000000105778,0.000000105778,0.000000105778	.01134	.00320,.00320,.00320,.00320,.00320	499	.00204	100.00000999	499	19.62344194	0,0.00028,0.00021,0.00011,0.00019:0.00013,0,0.00023,9e-05,0.00018:0.00012,0.00028,0,9e-05,0.00019:0.00012,0.00029,0.00023,0,2e-04:0.00013,0.00027,0.00022,1e-04,0	0.006092,0.014248,0.011367,0.004984,0.010076	28.67400939,3.06598329,0,26.20466862,8.55699106	0.277994	100	100	40336	106
sim107	1,0,0,0,0	4.01234,4.01234,4.01234,4.01234,4.01234	1000000,1000000,1000000,1000000,1000000	0.000000097981,0.000000097981,0.000000097981,0.000000097981,0.000000097981	.02090	.00352,.00352,.00352,.00352,.00352	499	.00050	100.00000833	35	17.32325450	0,0,0,0,0:0,0,0,0,0:1e-05,0,0,0,0:0,0,0,0,0:1e-05,0,0,0,0	0.000852,0,2.1e-05,0,1.1e-05	0,85.35978319,59.11109615,90.54436354,68.02951477	1	100	100	676	6
sim108	0,0,1,0,0	2.73734,2.73734,2.73734,2.73734,2.73734	1000000,1000000,1000000,1000000,1000000	0.000000131063,0.000000131063,0.000000131063,0.000000131063,0.000000131063	.04457	.00331,.00331,.00331,.00331,.00331	499	.00152	100.00000807	45	14.22871074	0,0,1e-05,0,0:0,0,1e-05,0,0:0,0,0,0,0:0,0,1e-05,0,0:0,0,1e-05,0,0	3.1e-05,3e-06,0.001189,1.4e-05,0.000103	83.69238178,74.31298362,0,86.48983793,73.53963096	1	100	100	903	8
sim119	0,0,0,0,1	3.87722,3.87722,3.87722,3.87722,3.87722	1000000,1000000,1000000,1000000,1000000	0.000000100148,0.000000100148,0.000000100148,0.000000100148,0.000000100148	.02519	.00064,.00064,.00064,.00064,.00064	499	.00379	100.00000987	96	25.59221755	0,4e-05,5e-05,3e-05,0.00015:5e-05,0,3e-05,3e-05,0.00014:5e-05,3e-05,0,3e-05,0.00012:4e-05,3e-05,5e-05,0,1e-04:4e-05,3e-05,5e-05,2e-05,0	0.001219,0.000874,0.001316,0.000673,0.003922	15.01032635,28.50557115,15.42671422,36.60497016,0	1	100	100	5993	51
sim120	0,0,1,0,0	4.10174,4.10174,4.10174,4.10174,4.10174	1000000,1000000,1000000,1000000,1000000	0.000000133306,0.000000133306,0.000000133306,0.000000133306,0.000000133306	.03063	.00187,.00187,.00187,.00187,.00187	499	.00178	100.00000996	499	17.00140561	0,4e-05,2e-05,4e-05,0.00035:5e-05,0,2e-05,4e-05,0.00035:5e-05,5e-05,0,4e-05,0.00036:4e-05,4e-05,3e-05,0,0.00032:4e-05,4e-05,3e-05,5e-05,0	0.003609,0.003575,0.002194,0.003127,0.025814	24.2139283,40.44961276,0,34.04706038,0.34536956	0.616811	100	100	28869	167
sim124	0,0,1,0,0	4.10096,4.10096,4.10096,4.10096,4.10096	1000000,1000000,1000000,1000000,1000000	0.000000130123,0.000000130123,0.000000130123,0.000000130123,0.000000130123	.02730	.00443,.00443,.00443,.00443,.00443	499	.00395	100.00000999	209	11.83061546	0,3e-05,6e-05,2e-05,2e-05:1e-05,0,5e-05,1e-05,2e-05:2e-05,4e-05,0,2e-05,2e-05:2e-05,1e-05,7e-05,0,2e-05:2e-05,3e-05,6e-05,2e-05,0	0.000583,0.000915,0.002185,0.000524,0.000825	49.14946762,44.2591772,0,41.63811858,20.2739397	1	100	100	3769	47
sim125	0,0,0,1,0	4.47656,4.47656,4.47656,4.47656,4.47656	1000000,1000000,1000000,1000000,1000000	0.000000085278,0.000000085278,0.000000085278,0.000000085278,0.000000085278	.01462	.00443,.00443,.00443,.00443,.00443	499	.00401	100.00000986	159	15.16428185	0,1e-05,2e-05,2e-05,2e-05:4e-05,0,2e-05,2e-05,1e-05:3e-05,1e-05,0,3e-05,2e-05:3e-05,1e-05,2e-05,0,2e-05:4e-05,1e-05,2e-05,3e-05,0	0.000874,0.000263,0.00043,0.000477,0.000305	13.80574935,43.91654545,27.63137551,0,34.76941005	1	100	100	1805	21
sim132	0,0,0,0,1	7.33034,7.33034,7.33034,7.33034,7.33034	1000000,1000000,1000000,1000000,1000000	0.000000082906,0.000000082906,0.000000082906,0.000000082906,0.000000082906	.01091	.00040,.00040,.00040,.00040,.00040	499	.00227	100.00000889	25	26.88138857	0,0,1e-05,0,2e-05:0,0,1e-05,0,2e-05:1e-05,0,0,0,3e-05:0,0,0,0,3e-05:0,1e-05,0,0,0	0.000132,9.7e-05,0.000383,0.000124,0.000946	49.72286414,49.44068707,33.10448009,48.96897885,0	1	100	100	1448	16
sim139	1,0,0,0,0	5.77148,5.77148,5.77148,5.77148,5.77148	1000000,1000000,1000000,1000000,1000000	0.000000095864,0.000000095864,0.000000095864,0.000000095864,0.000000095864	.01472	.00189,.00189,.00189,.00189,.00189	499	.00483	100.00000883	41	18.78157998	0,1e-05,1e-05,1e-05,1e-05:2e-05,0,0,1e-05,1e-05:2e-05,1e-05,0,1e-05,1e-05:3e-05,1e-05,0,0,1e-05:3e-05,1e-05,0,2e-05,0	0.000472,0.000273,8.6e-05,0.000166,0.000229	0,50.45321528,48.89655489,44.04661114,57.77405827	1	100	100	1023	13
sim141	0,0,0,1,0	2.88860,2.88860,2.88860,2.88860,2.88860	1000000,1000000,1000000,1000000,1000000	0.000000147029,0.000000147029,0.000000147029,0.000000147029,0.000000147029	.04886	.00204,.00204,.00204,.00204,.00204	499	.00263	100.00000998	499	18.36472852	0,0.00021,0.00011,2e-04,0.00062:0.00012,0,1e-04,0.00019,0.00057:0.00012,0.00019,0,0.00022,0.00057:0.00011,0.00021,0.00012,0,6e-04:0.00011,0.00022,1e-04,0.00017,0	0.006991,0.011727,0.006512,0.011355,0.031757	35.45343465,22.31391352,36.63634274,0,3.52960469	0.363173	100	100	44297	152
sim143	0,0,0,0,1	3.88748,3.88748,3.88748,3.88748,3.88748	1000000,1000000,1000000,1000000,1000000	0.000000077555,0.000000077555,0.000000077555,0.000000077555,0.000000077555	.01509	.00486,.00486,.00486,.00486,.00486	499	.00319	100.00000976	42	18.38212620	0,0,0,0,2e-05:0,0,0,1e-05,1e-05:0,0,0,1e-05,2e-05:0,0,1e-05,0,2e-05:0,0,1e-05,1e-05,0	8e-06,6.7e-05,8.4e-05,0.000167,0.000474	58.51726667,45.45692251,38.79141907,17.49596707,0	1	100	100	620	6
sim144	0,0,0,1,0	3.83294,3.83294,3.83294,3.83294,3.83294	1000000,1000000,1000000,1000000,1000000	0.000000096321,0.000000096321,0.000000096321,0.000000096321,0.000000096321	.02272	.00241,.00241,.00241,.00241,.00241	499	.00240	100.00000953	33	20.04411115	0,0,0,1e-05,2e-05:0,0,0,0,2e-05:0,0,0,0,2e-05:1e-05,0,0,0,1e-05:0,0,0,1e-05,0	0.000183,2.8e-05,3.9e-05,0.000209,0.000745	33.38753202,54.27661493,70.03587746,0,13.69014847	1	100	100	902	9
sim149	0,0,1,0,0	4.45712,4.45712,4.45712,4.45712,4.45712	1000000,1000000,1000000,1000000,1000000	0.000000104653,0.000000104653,0.000000104653,0.000000104653,0.000000104653	.01855	.00493,.00493,.00493,.00493,.00493	499	.00022	100.00000988	126	14.30064761	0,0,0,0,0:0,0,0,0,0:0,0,0,0,0:0,0,1e-05,0,0:0,0,0,0,0	1.5e-05,0,0.002326,6e-06,2.3e-05	72.33669128,64.45451115,0,84.19736362,58.19901307	1	100	100	1834	24
sim152	1,0,0,0,0	2.82596,2.82596,2.82596,2.82596,2.82596	1000000,1000000,1000000,1000000,1000000	0.000000144660,0.000000144660,0.000000144660,0.000000144660,0.000000144660	.04886	.00233,.00233,.00233,.00233,.00233	499	.00393	100.00000999	499	16.07416983	0,0.00018,0.00012,0.00013,0.00014:0.00038,0,0.00012,0.00015,0.00015:0.00039,0.00016,0,0.00014,0.00011:0.00036,0.00016,0.00012,0,0.00014:0.00038,0.00017,1e-04,0.00017,0	0.013924,0.006508,0.003898,0.005679,0.004862	0,24.16409843,24.91291821,28.12364635,28.35884645	0.642214	100	100	22525	144
sim153	0,0,0,1,0	4.69610,4.69610,4.69610,4.69610,4.69610	1000000,1000000,1000000,1000000,1000000	0.000000092372,0.000000092372,0.000000092372,0.000000092372,0.000000092372	.01817	.00150,.00150,.00150,.00150,.00150	499	.00358	100.00000989	200	19.71734855	0,6e-05,5e-05,0.00011,5e-05:7e-05,0,5e-05,0.00013,4e-05:7e-05,5e-05,0,1e-04,4e-05:5e-05,5e-05,6e-05,0,4e-05:6e-05,7e-05,3e-05,9e-05,0	0.001514,0.001393,0.001281,0.003,0.001149	27.3142893,8.69450705,22.93835712,0,20.10302989	1	100	100	6630	74
sim156	0,0,1,0,0	7.76120,7.76120,7.76120,7.76120,7.76120	1000000,1000000,1000000,1000000,1000000	0.000000090262,0.000000090262,0.000000090262,0.000000090262,0.000000090262	.01084	.00079,.00079,.00079,.00079,.00079	499	.00425	100.00000985	38	22.88134104	0,2e-05,4e-05,1e-05,1e-05:2e-05,0,4e-05,1e-05,1e-05:2e-05,3e-05,0,0,1e-05:1e-05,2e-05,3e-05,0,1e-05:1e-05,2e-05,3e-05,1e-05,0	0.000384,0.00046,0.000654,0.00017,0.000159	35.73540121,42.40433326,0,42.81980282,54.21848931	1	100	100	1593	21
sim157	0,0,0,1,0	6.07820,6.07820,6.07820,6.07820,6.07820	1000000,1000000,1000000,1000000,1000000	0.000000122050,0.000000122050,0.000000122050,0.000000122050,0.000000122050	.01794	.00214,.00214,.00214,.00214,.00214	499	.00218	100.00000968	38	15.26923538	0,1e-05,0,1e-05,0:0,0,1e-05,1e-05,0:0,1e-05,0,1e-05,0:0,0,0,0,0:0,0,0,2e-05,0	3.4e-05,0.00054,0.000169,0.000633,6.8e-05	59.8477211,46.27308032,48.1191867,0,64.33712296	1	100	100	1209	16
sim160	0,0,0,0,1	3.27242,3.27242,3.27242,3.27242,3.27242	1000000,1000000,1000000,1000000,1000000	0.000000086293,0.000000086293,0.000000086293,0.000000086293,0.000000086293	.02314	.00323,.00323,.00323,.00323,.00323	499	.00293	100.00000826	20	19.20898689	0,0,0,0,1e-05:0,0,0,0,1e-05:0,0,0,0,1e-05:0,0,0,0,1e-05:0,0,0,0,0	4.1e-05,2.9e-05,4e-05,8.8e-05,0.000245	47.56432014,15.04910871,26.44914534,42.85007756,0	1	100	100	296	5
sim163	1,0,0,0,0	6.85916,6.85916,6.85916,6.85916,6.85916	1000000,1000000,1000000,1000000,1000000	0.000000110638,0.000000110638,0.000000110638,0.000000110638,0.000000110638	.01388	.00225,.00225,.00225,.00225,.00225	499	.00266	100.00000991	100	14.51689211	0,0,2e-05,0,1e-05:4e-05,0,1e-05,1e-05,1e-05:5e-05,1e-05,0,1e-05,1e-05:6e-05,0,2e-05,0,0:6e-05,1e-05,2e-05,0,0	0.002299,0.000171,0.00068,0.000236,0.000281	0,50.44589465,45.95291214,44.73959798,66.38983839	1	100	100	3148	24
sim175	1,0,0,0,0	3.11804,3.11804,3.11804,3.11804,3.11804	1000000,1000000,1000000,1000000,1000000	0.000000103924,0.000000103924,0.000000103924,0.000000103924,0.000000103924	.02898	.00435,.00435,.00435,.00435,.00435	499	.00148	100.00000967	269	14.29431600	0,1e-05,1e-05,0,1e-05:6e-05,0,1e-05,0,1e-05:4e-05,0,0,0,1e-05:6e-05,0,1e-05,0,0:5e-05,0,1e-05,0,0	0.003961,0.000276,0.000923,0.000267,0.000509	0,36.16884877,30.03988468,35.40933275,33.51603848	1	100	100	4120	40
sim183	0,0,0,1,0	5.19380,5.19380,5.19380,5.19380,5.19380	1000000,1000000,1000000,1000000,1000000	0.000000083724,0.000000083724,0.000000083724,0.000000083724,0.000000083724	.01425	.00187,.00187,.00187,.00187,.00187	499	.00329	100.00000996	102	21.41097965	0,4e-05,3e-05,7e-05,1e-05:3e-05,0,2e-05,8e-05,1e-05:3e-05,2e-05,0,6e-05,1e-05:3e-05,3e-05,2e-05,0,1e-05:3e-05,2e-05,2e-05,5e-05,0	0.000827,0.000601,0.000544,0.001504,0.000244	26.12508612,29.88435102,44.72275401,0,30.45232232	1	100	100	3013	26
sim192	1,0,0,0,0	2.50460,2.50460,2.50460,2.50460,2.50460	1000000,1000000,1000000,1000000,1000000	0.000000108148,0.000000108148,0.000000108148,0.000000108148,0.000000108148	.03867	.00451,.00451,.00451,.00451,.00451	499	.00024	100.00000777	34	14.11489018	0,0,0,0,0:0,0,0,0,0:0,0,0,0,0:0,0,0,0,0:0,0,0,0,0	0.000716,4.9e-05,0,6e-06,2e-06	0,49.69328895,-1,58.40120795,82.53467023	1	100	100	482	7
sim195	0,0,0,1,0	3.92282,3.92282,3.92282,3.92282,3.92282	1000000,1000000,1000000,1000000,1000000	0.000000123725,0.000000123725,0.000000123725,0.000000123725,0.000000123725	.02725	.00429,.00429,.00429,.00429,.00429	499	.00176	100.00000998	499	14.83037718	0,4e-05,3e-05,0.00016,2e-05:2e-05,0,3e-05,2e-04,2e-05:1e-05,3e-05,0,2e-04,3e-05:1e-05,3e-05,2e-05,0,2e-05:1e-05,3e-05,3e-05,2e-04,0	0.001002,0.002177,0.002486,0.013008,0.00166	47.17307867,37.82494379,41.7130789,0,49.44059169	0.614532	100	100	15008	74
sim199	0,0,1,0,0	4.50344,4.50344,4.50344,4.50344,4.50344	1000000,1000000,1000000,1000000,1000000	0.000000078134,0.000000078134,0.000000078134,0.000000078134,0.000000078134	.01344	.00391,.00391,.00391,.00391,.00391	499	.00061	100.00000927	21	22.22434807	0,0,0,0,0:0,0,0,0,0:0,0,0,0,0:0,0,0,0,0:0,0,0,0,0	1.4e-05,1.4e-05,0.000359,3.2e-05,3.4e-05	74.50690926,45.90396753,0,27.3429898,16.75883476	1	100	100	342	3
sim201	1,0,0,0,0	3.01934,3.01934,3.01934,3.01934,3.01934	1000000,1000000,1000000,1000000,1000000	0.000000147887,0.000000147887,0.000000147887,0.000000147887,0.000000147887	.04827	.00071,.00071,.00071,.00071,.00071	499	.00358	100.00000998	499	18.82507672	0,0.00025,0.00014,0.00018,0.00021:0.00061,0,0.00017,0.00019,0.00017:0.00068,0.00023,0,0.00017,0.00019:0.00067,0.00023,0.00015,0,0.00017:0.00068,0.00025,0.00015,0.00017,0	0.02651,0.009905,0.006335,0.007611,0.00733	0,15.70630314,31.02257017,39.00474825,26.77093578	0.702817	100	100	38164	277
sim202	0,0,0,1,0	4.47362,4.47362,4.47362,4.47362,4.47362	1000000,1000000,1000000,1000000,1000000	0.000000138548,0.000000138548,0.000000138548,0.000000138548,0.000000138548	.02908	.00189,.00189,.00189,.00189,.00189	499	.00418	100.00000998	499	14.84397567	0,0.00015,0.00021,0.00024,2e-04:0.00011,0,0.00021,0.00023,0.00019:8e-05,0.00012,0,0.00023,0.00021:1e-04,0.00012,0.00024,0,0.00017:0.00011,0.00013,0.00023,0.00028,0	0.003232,0.004231,0.006827,0.008495,0.006381	41.05889673,37.69361131,33.0806004,0,26.98788948	0.772446	100	100	22491	183
sim203	0,1,0,0,0	2.80568,2.80568,2.80568,2.80568,2.80568	1000000,1000000,1000000,1000000,1000000	0.000000101369,0.000000101369,0.000000101369,0.000000101369,0.000000101369	.03518	.00095,.00095,.00095,.00095,.00095	499	.00452	100.00000945	26	24.18368555	0,3e-05,1e-05,2e-05,1e-05:2e-05,0,1e-05,2e-05,1e-05:1e-05,2e-05,0,2e-05,1e-05:1e-05,2e-05,1e-05,0,1e-05:1e-05,2e-05,1e-05,2e-05,0	0.00037,0.000437,0.000273,0.000528,0.000196	28.89026075,0,42.66838233,12.53324337,46.3421481	1	100	100	1166	8
sim207	1,0,0,0,0	5.17934,5.17934,5.17934,5.17934,5.17934	1000000,1000000,1000000,1000000,1000000	0.000000074530,0.000000074530,0.000000074530,0.000000074530,0.000000074530	.01010	.00429,.00429,.00429,.00429,.00429	499	.00064	100.00000770	23	21.85520223	0,0,0,0,0:1e-05,0,0,0,0:1e-05,0,0,0,0:0,0,0,0,0:0,0,0,0,0	0.000395,1.6e-05,8e-06,8e-06,3e-06	0,45.02966222,78.92338123,79.95744651,63.75557039	1	100	100	348	6
sim210	0,0,0,0,1	3.85232,3.85232,3.85232,3.85232,3.85232	1000000,1000000,1000000,1000000,1000000	0.000000103935,0.000000103935,0.000000103935,0.000000103935,0.000000103935	.02430	.00268,.00268,.00268,.00268,.00268	499	.00018	100.00000997	121	16.58378645	0,0,0,0,0:0,0,0,0,1e-05:0,0,0,0,0:0,0,0,0,0:0,0,0,0,0	2e-06,4.6e-05,5e-06,1.1e-05,0.003514	88.39196793,48.02498621,82.6767563,53.32362337,0	1	100	100	2655	27
sim216	0,1,0,0,0	3.31322,3.31322,3.31322,3.31322,3.31322	1000000,1000000,1000000,1000000,1000000	0.000000174175,0.000000174175,0.000000174175,0.000000174175,0.000000174175	.04915	.00342,.00342,.00342,.00342,.00342	499	.00131	100.00000976	499	14.38739422	0,0.00026,2e-05,5e-05,4e-05:2e-05,0,1e-05,6e-05,5e-05:2e-05,0.00026,0,4e-05,5e-05:2e-05,0.00024,2e-05,0,5e-05:1e-05,0.00027,1e-05,5e-05,0	0.003118,0.032191,0.00249,0.006963,0.006316	27.46574964,0,59.59794383,36.67692701,27.36751255	0.37128	100	100	35506	133
sim219	0,1,0,0,0	6.34610,6.34610,6.34610,6.34610,6.34610	1000000,1000000,1000000,1000000,1000000	0.000000091193,0.000000091193,0.000000091193,0.000000091193,0.000000091193	.01302	.00135,.00135,.00135,.00135,.00135	499	.00435	100.00000944	37	21.00107784	0,1e-05,0,1e-05,2e-05:3e-05,0,1e-05,1e-05,2e-05:2e-05,1e-05,0,2e-05,1e-05:2e-05,1e-05,1e-05,0,2e-05:2e-05,1e-05,1e-05,2e-05,0	0.000436,0.000202,0.000168,0.000279,0.000417	35.8421077,0,17.2501939,11.3120159,9.85412003	1	100	100	1280	15
sim220	1,0,0,0,0	3.28154,3.28154,3.28154,3.28154,3.28154	1000000,1000000,1000000,1000000,1000000	0.000000122532,0.000000122532,0.000000122532,0.000000122532,0.000000122532	.03604	.00130,.00130,.00130,.00130,.00130	499	.00364	100.00000941	85	19.26258516	0,3e-05,2e-05,3e-05,1e-05:6e-05,0,2e-05,3e-05,3e-05:5e-05,4e-05,0,3e-05,2e-05:5e-05,4e-05,1e-05,0,3e-05:6e-05,3e-05,1e-05,3e-05,0	0.001926,0.001162,0.000533,0.00102,0.00076	0,28.8870612,44.84964561,39.25238895,26.94806024	1	100	100	3662	32
sim224	0,1,0,0,0	6.39410,6.39410,6.39410,6.39410,6.39410	1000000,1000000,1000000,1000000,1000000	0.000000116308,0.000000116308,0.000000116308,0.000000116308,0.000000116308	.01393	.00426,.00426,.00426,.00426,.00426	499	.00052	100.00000964	413	12.48280884	0,4e-05,0,0,0:0,0,0,0,0:0,4e-05,0,0,0:0,4e-05,0,0,0:0,3e-05,0,0,0	6.8e-05,0.008113,0.000272,0.000103,0.000226	72.1999014,0,65.11729516,51.05898888,49.3907324	1	100	100	7368	70
sim225	0,0,0,0,1	4.72100,4.72100,4.72100,4.72100,4.72100	1000000,1000000,1000000,1000000,1000000	0.000000120291,0.000000120291,0.000000120291,0.000000120291,0.000000120291	.02089	.00459,.00459,.00459,.00459,.00459	499	.00185	100.00000993	375	11.72305822	0,0,1e-05,1e-05,7e-05:1e-05,0,0,1e-05,6e-05:2e-05,1e-05,0,1e-05,7e-05:1e-05,0,1e-05,0,8e-05:1e-05,1e-05,0,1e-05,0	0.000931,0.000529,0.000537,0.000608,0.004579	43.15061376,62.99984823,49.92813599,46.61842105,0	1	100	100	5688	64
sim226	0,0,1,0,0	4.39526,4.39526,4.39526,4.39526,4.39526	1000000,1000000,1000000,1000000,1000000	0.000000146669,0.000000146669,0.000000146669,0.000000146669,0.000000146669	.03129	.00208,.00208,.00208,.00208,.00208	499	.00245	100.00000999	499	14.46009808	0,9e-05,7e-05,7e-05,0.00029:4e-05,0,6e-05,7e-05,3e-04:4e-05,7e-05,0,7e-05,0.00029:4e-05,9e-05,8e-05,0,0.00027:3e-05,9e-05,6e-05,7e-05,0	0.002479,0.005202,0.004084,0.003915,0.017333	48.96065567,28.2332149,0,37.85615895,10.31784231	0.675237	100	100	25426	176
sim230	0,0,0,0,1	6.99542,6.99542,6.99542,6.99542,6.99542	1000000,1000000,1000000,1000000,1000000	0.000000107869,0.000000107869,0.000000107869,0.000000107869,0.000000107869	.01220	.00322,.00322,.00322,.00322,.00322	499	.00070	100.00000977	216	12.84033239	0,0,0,2e-05,1e-05:0,0,0,1e-05,2e-05:0,0,0,1e-05,2e-05:0,0,0,0,1e-05:0,0,0,1e-05,0	0.000266,6.1e-05,0.00013,0.00221,0.002473	51.68364578,41.7719842,34.19784967,22.90185471,0	1	100	100	4374	36
sim231	1,0,0,0,0	5.16194,5.16194,5.16194,5.16194,5.16194	1000000,1000000,1000000,1000000,1000000	0.000000125590,0.000000125590,0.000000125590,0.000000125590,0.000000125590	.02213	.00220,.00220,.00220,.00220,.00220	499	.00442	100.00000993	180	14.26504442	0,2e-05,3e-05,3e-05,4e-05:1e-04,0,1e-05,3e-05,4e-05:8e-05,2e-05,0,4e-05,3e-05:0.00011,3e-05,2e-05,0,3e-05:0.00012,3e-05,2e-05,4e-05,0	0.002915,0.000807,0.00061,0.00099,0.0012	0,41.57698605,21.15894737,58.80922689,51.82841577	1	100	100	5292	66
sim234	0,0,0,1,0	7.72676,7.72676,7.72676,7.72676,7.72676	1000000,1000000,1000000,1000000,1000000	0.000000124091,0.000000124091,0.000000124091,0.000000124091,0.000000124091	.01579	.00027,.00027,.00027,.00027,.00027	499	.00275	100.00000997	499	19.34132178	0,0.00013,0.00018,0.00046,0.00018:0.00013,0,0.00017,0.00048,0.00016:0.00015,0.00011,0,0.00047,0.00016:0.00012,0.00012,0.00017,0,0.00016:0.00011,0.00012,0.00018,0.00047,0	0.005248,0.005414,0.007731,0.021487,0.006611	7.72275039,27.0806085,31.70787391,0,34.20662939	0.976517	100	100	40382	402
sim235	0,0,1,0,0	3.31286,3.31286,3.31286,3.31286,3.31286	1000000,1000000,1000000,1000000,1000000	0.000000092064,0.000000092064,0.000000092064,0.000000092064,0.000000092064	.02513	.00266,.00266,.00266,.00266,.00266	499	.00048	100.00000950	102	16.60735820	0,0,1e-05,0,0:0,0,1e-05,0,0:0,0,0,0,0:0,0,1e-05,0,0:0,0,2e-05,0,0	2.2e-05,9.7e-05,0.002938,4.8e-05,6.6e-05	51.65545415,54.3678575,0,37.63827126,54.98636654	1	100	100	2266	20
sim239	0,1,0,0,0	3.77870,3.77870,3.77870,3.77870,3.77870	1000000,1000000,1000000,1000000,1000000	0.000000111962,0.000000111962,0.000000111962,0.000000111962,0.000000111962	.02690	.00273,.00273,.00273,.00273,.00273	499	.00457	100.00000950	371	15.42501086	0,0.00021,6e-05,9e-05,5e-05:6e-05,0,9e-05,5e-05,5e-05:5e-05,0.00023,0,5e-05,7e-05:7e-05,0.00023,6e-05,0,5e-05:7e-05,0.00022,7e-05,7e-05,0	0.001469,0.005373,0.001818,0.001514,0.001379	42.39432519,0,33.49123606,35.06992926,26.09702076	1	100	100	8502	90
sim242	0,1,0,0,0	3.49142,3.49142,3.49142,3.49142,3.49142	1000000,1000000,1000000,1000000,1000000	0.000000108932,0.000000108932,0.000000108932,0.000000108932,0.000000108932	.02630	.00490,.00490,.00490,.00490,.00490	499	.00279	100.00000989	499	15.64767954	0,0.00017,6e-05,6e-05,7e-05:6e-05,0,5e-05,6e-05,6e-05:4e-05,0.00015,0,6e-05,7e-05:4e-05,0.00017,5e-05,0,8e-05:5e-05,0.00015,7e-05,6e-05,0	0.001752,0.006305,0.002107,0.002572,0.00244	39.97445574,0,18.99741176,13.79363272,17.09544934	0.669799	100	100	11028	67
sim247	0,1,0,0,0	6.94340,6.94340,6.94340,6.94340,6.94340	1000000,1000000,1000000,1000000,1000000	0.000000103317,0.000000103317,0.000000103317,0.000000103317,0.000000103317	.01167	.00321,.00321,.00321,.00321,.00321	499	.00236	100.00000993	400	14.61615627	0,0.00016,1e-05,3e-05,2e-05:3e-05,0,2e-05,3e-05,2e-05:2e-05,0.00016,0,2e-05,1e-05:2e-05,0.00015,2e-05,0,1e-05:1e-05,0.00012,2e-05,2e-05,0	0.001073,0.005874,0.000851,0.00137,0.000745	36.48062722,0,38.02066523,38.07206313,31.95514512	1	100	100	8412	94
sim248	0,0,0,0,1	6.10094,6.10094,6.10094,6.10094,6.10094	1000000,1000000,1000000,1000000,1000000	0.000000085230,0.000000085230,0.000000085230,0.000000085230,0.000000085230	.01281	.00116,.00116,.00116,.00116,.00116	499	.00363	100.00000927	58	21.43049003	0,1e-05,3e-05,1e-05,4e-05:1e-05,0,3e-05,1e-05,4e-05:1e-05,2e-05,0,1e-05,3e-05:1e-05,1e-05,3e-05,0,3e-05:1e-05,1e-05,3e-05,1e-05,0	0.000234,0.000376,0.000661,0.000287,0.000794	50.76507424,23.24005165,7.82570788,20.51376578,0	1	100	100	1951	13
sim249	0,0,0,0,1	4.18208,4.18208,4.18208,4.18208,4.18208	1000000,1000000,1000000,1000000,1000000	0.000000127637,0.000000127637,0.000000127637,0.000000127637,0.000000127637	.02817	.00235,.00235,.00235,.00235,.00235	499	.00277	100.00000993	499	15.65574429	0,8e-05,5e-05,6e-05,0.00015:0.00017,0,7e-05,5e-05,0.00015:0.00018,6e-05,0,5e-05,0.00015:0.00021,9e-05,6e-05,0,0.00014:0.00018,8e-05,6e-05,5e-05,0	0.008455,0.003428,0.003099,0.002285,0.006952	16.947656,32.49071555,27.45731853,37.88624296,0	0.810065	100	100	18469	159
sim254	0,0,0,1,0	3.14402,3.14402,3.14402,3.14402,3.14402	1000000,1000000,1000000,1000000,1000000	0.000000139374,0.000000139374,0.000000139374,0.000000139374,0.000000139374	.04071	.00362,.00362,.00362,.00362,.00362	499	.00105	100.00000994	499	17.95193890	0,1e-05,1e-05,0.00031,2e-05:1e-05,0,1e-05,0.00034,2e-05:2e-05,2e-05,0,0.00032,3e-05:1e-05,2e-05,0,0,2e-05:2e-05,1e-05,2e-05,0.00036,0	0.001999,0.002475,0.00161,0.043334,0.00315	44.19402173,41.78394241,48.27568509,0,40.07185547	0.293875	100	100	35600	99
sim256	0,0,0,0,1	4.62086,4.62086,4.62086,4.62086,4.62086	1000000,1000000,1000000,1000000,1000000	0.000000076336,0.000000076336,0.000000076336,0.000000076336,0.000000076336	.01216	.00436,.00436,.00436,.00436,.00436	499	.00311	100.00000985	108	18.02544210	0,0,1e-05,1e-05,1e-05:3e-05,0,1e-05,1e-05,0:3e-05,0,0,1e-05,1e-05:3e-05,1e-05,1e-05,0,1e-05:2e-05,1e-05,1e-05,1e-05,0	0.000769,0.000222,0.00032,0.000287,0.000148	13.23732984,35.45278392,28.60302138,19.01962879,0	1	100	100	1359	14
sim259	1,0,0,0,0	7.35356,7.35356,7.35356,7.35356,7.35356	1000000,1000000,1000000,1000000,1000000	0.000000112435,0.000000112435,0.000000112435,0.000000112435,0.000000112435	.01096	.00433,.00433,.00433,.00433,.00433	499	.00350	100.00000817	61	12.30957484	0,1e-05,1e-05,0,0:1e-05,0,2e-05,0,0:1e-05,1e-05,0,0,0:1e-05,0,1e-05,0,0:1e-05,1e-05,1e-05,1e-05,0	0.000301,0.000189,0.000409,0.000206,6.9e-05	0,37.36579389,42.10126799,52.06571798,63.5547117	1	100	100	1039	14
sim262	0,0,0,1,0	3.28850,3.28850,3.28850,3.28850,3.28850	1000000,1000000,1000000,1000000,1000000	0.000000100233,0.000000100233,0.000000100233,0.000000100233,0.000000100233	.02741	.00307,.00307,.00307,.00307,.00307	499	.00492	100.00000955	135	15.91600011	0,4e-05,4e-05,2e-05,4e-05:4e-05,0,6e-05,3e-05,3e-05:4e-05,3e-05,0,3e-05,3e-05:4e-05,3e-05,5e-05,0,3e-05:3e-05,4e-05,5e-05,3e-05,0	7e-04,0.000777,0.000928,0.000532,0.000541	27.07007373,26.02440868,3.21877051,0,32.09412522	1	100	100	2423	18
sim268	0,0,0,1,0	7.26002,7.26002,7.26002,7.26002,7.26002	1000000,1000000,1000000,1000000,1000000	0.000000116087,0.000000116087,0.000000116087,0.000000116087,0.000000116087	.01323	.00276,.00276,.00276,.00276,.00276	499	.00028	100.00000991	499	18.37265578	0,0,0,9e-05,0:0,0,0,9e-05,0:0,0,0,9e-05,0:0,0,0,0,0:0,0,0,8e-05,0	0.00037,0.00046,0.000547,0.037337,0.000434	56.17170425,32.60862933,51.42857729,0,62.81309449	0.379179	100	100	33629	119
sim277	0,0,0,0,1	4.54868,4.54868,4.54868,4.54868,4.54868	1000000,1000000,1000000,1000000,1000000	0.000000140053,0.000000140053,0.000000140053,0.000000140053,0.000000140053	.02714	.00365,.00365,.00365,.00365,.00365	499	.00285	100.00000985	499	12.87467326	0,4e-05,7e-05,9e-05,0.00018:8e-05,0,5e-05,8e-05,0.00017:8e-05,6e-05,0,9e-05,0.00016:8e-05,4e-05,6e-05,0,0.00017:7e-05,5e-05,6e-05,1e-04,0	0.003738,0.002372,0.002811,0.004221,0.008334	35.51902456,49.18301171,37.78881221,23.29985307,0	0.670699	100	100	16618	96
sim278	1,0,0,0,0	5.70062,5.70062,5.70062,5.70062,5.70062	1000000,1000000,1000000,1000000,1000000	0.000000102668,0.000000102668,0.000000102668,0.000000102668,0.000000102668	.01510	.00291,.00291,.00291,.00291,.00291	499	.00315	100.00000931	181	15.80803928	0,9e-05,2e-05,2e-05,2e-05:1e-05,0,2e-05,2e-05,2e-05:1e-05,9e-05,0,1e-05,1e-05:2e-05,0.00011,2e-05,0,1e-05:3e-05,1e-04,1e-05,2e-05,0	0.000565,0.003162,0.000586,0.000619,0.000405	0,10.40945967,35.65860771,43.44362934,54.26306016	1	100	100	4432	48
sim279	1,0,0,0,0	5.78432,5.78432,5.78432,5.78432,5.78432	1000000,1000000,1000000,1000000,1000000	0.000000117421,0.000000117421,0.000000117421,0.000000117421,0.000000117421	.01750	.00280,.00280,.00280,.00280,.00280	499	.00455	100.00000996	350	13.43608091	0,3e-05,7e-05,7e-05,6e-05:0.00015,0,6e-05,1e-04,7e-05:0.00013,6e-05,0,8e-05,6e-05:0.00015,5e-05,5e-05,0,5e-05:0.00014,4e-05,6e-05,8e-05,0	0.003696,0.001176,0.001605,0.002315,0.001527	0,41.86790816,49.45964097,34.91854787,37.9837549	1	100	100	8572	104
sim280	0,0,1,0,0	2.39588,2.39588,2.39588,2.39588,2.39588	1000000,1000000,1000000,1000000,1000000	0.000000117469,0.000000117469,0.000000117469,0.000000117469,0.000000117469	.04638	.00265,.00265,.00265,.00265,.00265	499	.00315	100.00000915	57	16.88472317	0,1e-05,2e-05,0,0:0,0,2e-05,0,0:0,1e-05,0,0,0:0,0,2e-05,0,0:0,2e-05,2e-05,0,0	6.9e-05,0.000418,0.000886,0.000103,6.7e-05	33.97601436,37.25822584,0,29.29957816,42.27131501	1	100	100	869	18
sim282	0,0,1,0,0	2.94188,2.94188,2.94188,2.94188,2.94188	1000000,1000000,1000000,1000000,1000000	0.000000077224,0.000000077224,0.000000077224,0.000000077224,0.000000077224	.02298	.00327,.00327,.00327,.00327,.00327	499	.00302	100.00000989	31	20.06796890	0,0,1e-05,0,0:0,0,1e-05,0,0:0,0,0,0,0:0,0,1e-05,0,0:0,0,0,0,0	8e-06,3.3e-05,0.000349,9.2e-05,9e-06	76.8241254,32.80025334,0,42.95459157,74.38099759	1	100	100	341	12
sim284	0,0,0,0,1	2.99246,2.99246,2.99246,2.99246,2.99246	1000000,1000000,1000000,1000000,1000000	0.000000144416,0.000000144416,0.000000144416,0.000000144416,0.000000144416	.04415	.00411,.00411,.00411,.00411,.00411	499	.00435	100.00000994	499	13.21601986	0,8e-05,9e-05,8e-05,0.00028:0.00012,0,7e-05,9e-05,0.00031:0.00014,8e-05,0,0.00011,0.00029:0.00013,8e-05,8e-05,0,0.00027:0.00013,7e-05,8e-05,1e-04,0	0.004607,0.002712,0.00292,0.003033,0.009343	29.78558044,40.9909543,37.30081641,39.7953136,0	0.638924	100	100	15107	99
sim285	0,0,0,0,1	7.08878,7.08878,7.08878,7.08878,7.08878	1000000,1000000,1000000,1000000,1000000	0.000000116255,0.000000116255,0.000000116255,0.000000116255,0.000000116255	.01444	.00196,.00196,.00196,.00196,.00196	499	.00125	100.00000982	130	14.73607031	0,1e-05,0,1e-05,5e-05:0,0,0,1e-05,3e-05:0,1e-05,0,0,4e-05:0,0,0,0,4e-05:0,0,0,0,0	0.000219,0.000618,0.000385,0.000531,0.003411	42.09356292,48.4912926,62.88417495,44.64049956,0	1	100	100	4416	38
sim291	1,0,0,0,0	7.24502,7.24502,7.24502,7.24502,7.24502	1000000,1000000,1000000,1000000,1000000	0.000000115268,0.000000115268,0.000000115268,0.000000115268,0.000000115268	.01294	.00297,.00297,.00297,.00297,.00297	499	.00324	100.00000996	499	16.38716602	0,1e-04,8e-05,1e-04,0.00028:0.00017,0,9e-05,1e-04,0.00026:0.00018,9e-05,0,1e-04,0.00028:0.00018,1e-04,0.00011,0,0.00027:2e-04,0.00012,1e-04,1e-04,0	0.006411,0.003716,0.003527,0.003498,0.009758	0,35.61224844,37.45378807,35.95744292,17.20986305	0.56448	100	100	23271	126
sim298	1,0,0,0,0	5.06816,5.06816,5.06816,5.06816,5.06816	1000000,1000000,1000000,1000000,1000000	0.000000124321,0.000000124321,0.000000124321,0.000000124321,0.000000124321	.02380	.00073,.00073,.00073,.00073,.00073	499	.00282	100.00000996	499	18.65123168	0,2e-04,0.00016,0.00014,0.00011:3e-04,0,0.00014,0.00013,9e-05:0.00029,2e-04,0,0.00014,0.00011:0.00032,0.00019,0.00014,0,1e-04:0.00028,0.00022,0.00016,0.00014,0	0.012912,0.008604,0.006172,0.006061,0.004349	0,11.81868042,14.13547594,6.96458197,11.50121528	0.950476	100	100	30639	293
sim301	0,0,0,0,1	5.97074,5.97074,5.97074,5.97074,5.97074	1000000,1000000,1000000,1000000,1000000	0.000000098278,0.000000098278,0.000000098278,0.000000098278,0.000000098278	.01577	.00069,.00069,.00069,.00069,.00069	499	.00126	100.00000994	71	22.35259289	0,0,0,0,4e-05:0,0,0,0,5e-05:1e-05,0,0,0,6e-05:1e-05,0,0,0,6e-05:0,0,0,0,0	0.000263,0.000165,0.000288,0.000174,0.003994	35.42710625,31.50418694,51.2425652,28.41010695,0	1	100	100	4069	37
sim306	0,0,0,1,0	4.71110,4.71110,4.71110,4.71110,4.71110	1000000,1000000,1000000,1000000,1000000	0.000000104350,0.000000104350,0.000000104350,0.000000104350,0.000000104350	.02189	.00026,.00026,.00026,.00026,.00026	499	.00212	100.00000992	20	25.80021311	0,2e-05,0,0,0:0,0,0,1e-05,0:0,2e-05,0,0,0:0,2e-05,0,0,0:0,1e-05,0,1e-05,0	0.000143,0.000956,4.7e-05,0.000273,9.9e-05	53.56446661,23.28613016,39.74779641,0,35.84443795	1	100	100	1185	15
sim312	0,0,0,0,1	5.34758,5.34758,5.34758,5.34758,5.34758	1000000,1000000,1000000,1000000,1000000	0.000000089037,0.000000089037,0.000000089037,0.000000089037,0.000000089037	.01424	.00241,.00241,.00241,.00241,.00241	499	.00274	100.00000796	42	17.51549310	0,2e-05,0,0,1e-05:0,0,0,0,1e-05:0,2e-05,0,0,1e-05:0,2e-05,0,0,1e-05:0,2e-05,0,0,0	7.3e-05,0.000592,5.5e-05,3.7e-05,0.000336	26.39702378,12.74162621,46.15095289,63.06853624,0	1	100	100	875	9
sim314	0,1,0,0,0	4.72610,4.72610,4.72610,4.72610,4.72610	1000000,1000000,1000000,1000000,1000000	0.000000123162,0.000000123162,0.000000123162,0.000000123162,0.000000123162	.02553	.00053,.00053,.00053,.00053,.00053	499	.00225	100.00000986	30	22.35744555	0,4e-05,0,0,1e-05:0,0,0,0,0:0,4e-05,0,0,1e-05:0,4e-05,1e-05,0,0:0,4e-05,0,0,0	0.000164,0.001949,0.000248,0.000189,0.000421	57.52825248,0,43.94846904,57.49858733,53.36483396	1	100	100	2316	20
sim317	0,1,0,0,0	4.60400,4.60400,4.60400,4.60400,4.60400	1000000,1000000,1000000,1000000,1000000	0.000000071223,0.000000071223,0.000000071223,0.000000071223,0.000000071223	.01220	.00327,.00327,.00327,.00327,.00327	499	.00266	100.00000138	27	21.75382646	0,1e-05,0,0,0:0,0,0,0,0:0,2e-05,0,0,0:0,1e-05,0,0,0:0,1e-05,0,0,0	5e-05,0.000381,8.8e-05,4.5e-05,1e-05	58.60310341,0,51.46621007,33.88584426,37.33813133	1	100	100	446	3
sim325	0,0,0,0,1	5.51516,5.51516,5.51516,5.51516,5.51516	1000000,1000000,1000000,1000000,1000000	0.000000143725,0.000000143725,0.000000143725,0.000000143725,0.000000143725	.02269	.00337,.00337,.00337,.00337,.00337	499	.00070	100.00000994	499	14.79437904	0,0,1e-05,0,0.00016:0,0,1e-05,1e-05,0.00015:0,1e-05,0,1e-05,0.00014:0,0,0,0,0.00015:0,0,0,0,0	0.000888,0.001399,0.001081,0.0015,0.030584	61.1709612,61.50277659,61.5348963,50.56231318,0	0.440424	100	100	28965	142
sim326	1,0,0,0,0	4.99748,4.99748,4.99748,4.99748,4.99748	1000000,1000000,1000000,1000000,1000000	0.000000106196,0.000000106196,0.000000106196,0.000000106196,0.000000106196	.02055	.00070,.00070,.00070,.00070,.00070	499	.00125	100.00000993	179	20.82500362	0,2e-05,1e-05,1e-05,1e-05:1e-04,0,1e-05,1e-05,1e-05:1e-04,1e-05,0,2e-05,1e-05:1e-04,2e-05,1e-05,0,1e-05:1e-04,1e-05,1e-05,1e-05,0	0.008156,0.001295,0.001155,0.001155,0.000694	0,26.025139,38.30980944,24.8045031,37.65563103	1	100	100	9935	101
sim333	0,1,0,0,0	6.73190,6.73190,6.73190,6.73190,6.73190	1000000,1000000,1000000,1000000,1000000	0.000000112961,0.000000112961,0.000000112961,0.000000112961,0.000000112961	.01229	.00449,.00449,.00449,.00449,.00449	499	.00252	100.00000998	499	14.08821779	0,0.00016,8e-05,4e-05,2e-05:3e-05,0,9e-05,4e-05,2e-05:4e-05,0.00016,0,4e-05,2e-05:4e-05,0.00016,5e-05,0,1e-05:4e-05,0.00015,7e-05,6e-05,0	0.001614,0.00694,0.003452,0.002002,0.000956	41.2744901,0,22.77273138,37.46418323,49.99193159	0.692094	100	100	12669	83
sim334	0,1,0,0,0	2.96774,2.96774,2.96774,2.96774,2.96774	1000000,1000000,1000000,1000000,1000000	0.000000122359,0.000000122359,0.000000122359,0.000000122359,0.000000122359	.03693	.00430,.00430,.00430,.00430,.00430	499	.00317	100.00000978	270	13.12066884	0,8e-05,3e-05,1e-05,2e-05:3e-05,0,3e-05,1e-05,2e-05:2e-05,9e-05,0,1e-05,2e-05:2e-05,7e-05,3e-05,0,2e-05:3e-05,8e-05,3e-05,1e-05,0	0.00101,0.002996,0.001489,0.000373,0.000726	27.73945435,0,40.77435016,26.6159327,27.86595771	1	100	100	4373	50
sim336	0,0,0,1,0	5.29304,5.29304,5.29304,5.29304,5.29304	1000000,1000000,1000000,1000000,1000000	0.000000101785,0.000000101785,0.000000101785,0.000000101785,0.000000101785	.01766	.00157,.00157,.00157,.00157,.00157	499	.00399	100.00000999	304	18.56197426	0,0.00011,6e-05,0.00017,1e-04:9e-05,0,5e-05,0.00018,8e-05:9e-05,9e-05,0,0.00018,8e-05:8e-05,8e-05,6e-05,0,8e-05:8e-05,9e-05,6e-05,0.00016,0	0.001952,0.00245,0.001553,0.004779,0.002026	29.90648505,31.64736186,12.40209484,0,31.03300382	1	100	100	10351	119
sim338	1,0,0,0,0	5.88122,5.88122,5.88122,5.88122,5.88122	1000000,1000000,1000000,1000000,1000000	0.000000098510,0.000000098510,0.000000098510,0.000000098510,0.000000098510	.01348	.00327,.00327,.00327,.00327,.00327	499	.00069	100.00000990	386	15.70076007	0,1e-05,2e-05,0,4e-05:0,0,1e-05,0,4e-05:0,1e-05,0,0,4e-05:0,1e-05,1e-05,0,4e-05:0,1e-05,1e-05,0,0	0.000261,0.001418,0.001547,0.000213,0.006366	0,20.8819704,23.34162131,64.64617726,3.28425411	1	100	100	8116	67
sim339	0,0,1,0,0	3.25832,3.25832,3.25832,3.25832,3.25832	1000000,1000000,1000000,1000000,1000000	0.000000098010,0.000000098010,0.000000098010,0.000000098010,0.000000098010	.02624	.00384,.00384,.00384,.00384,.00384	499	.00465	100.00000990	63	13.57670961	0,1e-05,1e-05,0,2e-05:1e-05,0,1e-05,1e-05,2e-05:1e-05,0,0,1e-05,2e-05:0,0,0,0,3e-05:0,1e-05,0,1e-05,0	0.000192,0.000155,9.1e-05,0.000213,0.000488	27.18615826,33.03505548,0,32.04596282,1.77178046	1	100	100	740	5
sim340	0,0,0,1,0	3.94592,3.94592,3.94592,3.94592,3.94592	1000000,1000000,1000000,1000000,1000000	0.000000115220,0.000000115220,0.000000115220,0.000000115220,0.000000115220	.02503	.00417,.00417,.00417,.00417,.00417	499	.00186	100.00000962	379	13.40450011	0,1e-05,1e-05,7e-05,2e-05:2e-05,0,1e-05,6e-05,3e-05:2e-05,0,0,8e-05,2e-05:2e-05,1e-05,1e-05,0,1e-05:2e-05,1e-05,1e-05,6e-05,0	0.001098,0.000815,0.000641,0.004552,0.001286	37.20096132,30.66597951,28.13035753,0,25.51171671	1	100	100	6204	63
sim341	0,0,1,0,0	5.12384,5.12384,5.12384,5.12384,5.12384	1000000,1000000,1000000,1000000,1000000	0.000000068710,0.000000068710,0.000000068710,0.000000068710,0.000000068710	.01001	.00340,.00340,.00340,.00340,.00340	499	.00384	100.00000999	37	17.86975232	0,0,1e-05,0,0:1e-05,0,1e-05,0,1e-05:0,0,0,0,0:0,1e-05,1e-05,0,0:0,1e-05,1e-05,0,0	4.4e-05,0.00011,0.000237,3.9e-05,4.5e-05	42.84507075,31.59708165,0,62.37961888,42.97864856	1	100	100	375	7
sim343	1,0,0,0,0	3.59636,3.59636,3.59636,3.59636,3.59636	1000000,1000000,1000000,1000000,1000000	0.000000095015,0.000000095015,0.000000095015,0.000000095015,0.000000095015	.02202	.00440,.00440,.00440,.00440,.00440	499	.00222	100.00000981	31	15.56316510	0,0,0,0,0:1e-05,0,0,0,0:1e-05,0,0,0,0:0,0,0,0,0:1e-05,0,0,0,0	0.000379,1.8e-05,1.6e-05,3.6e-05,1.6e-05	0,60.38261149,68.68196178,49.99696724,33.07258166	1	100	100	314	7
sim345	0,1,0,0,0	5.89622,5.89622,5.89622,5.89622,5.89622	1000000,1000000,1000000,1000000,1000000	0.000000139563,0.000000139563,0.000000139563,0.000000139563,0.000000139563	.02208	.00159,.00159,.00159,.00159,.00159	499	.00020	100.00000992	246	15.07639856	0,2e-05,0,0,0:0,0,0,0,0:0,2e-05,0,0,0:0,3e-05,0,0,0:0,2e-05,0,0,0	0.000207,0.01253,1.5e-05,8.3e-05,4.6e-05	56.38980597,0,72.76096873,63.02558909,72.20967093	1	100	100	10750	113
sim350	0,0,1,0,0	6.64184,6.64184,6.64184,6.64184,6.64184	1000000,1000000,1000000,1000000,1000000	0.000000133102,0.000000133102,0.000000133102,0.000000133102,0.000000133102	.01573	.00431,.00431,.00431,.00431,.00431	499	.00250	100.00000994	499	14.07690216	0,4e-05,3e-04,5e-05,4e-05:7e-05,0,0.00028,6e-05,3e-05:7e-05,3e-05,0,6e-05,3e-05:8e-05,5e-05,3e-04,0,3e-05:7e-05,4e-05,0.00029,7e-05,0	0.003203,0.001957,0.016205,0.003361,0.001702	37.28656814,49.91179223,0,38.77666043,45.7713944	0.457379	100	100	22366	101
sim355	0,0,1,0,0	3.13784,3.13784,3.13784,3.13784,3.13784	1000000,1000000,1000000,1000000,1000000	0.000000144560,0.000000144560,0.000000144560,0.000000144560,0.000000144560	.04301	.00306,.00306,.00306,.00306,.00306	499	.00456	100.00000992	499	17.56438861	0,0.00052,0.00029,0.00051,0.00023:2e-04,0,0.00028,5e-04,0.00026:0.00022,0.00052,0,0.00049,0.00025:0.00022,0.00052,0.00028,0,0.00022:2e-04,0.00054,0.00027,5e-04,0	0.006788,0.016295,0.008745,0.016105,0.007376	33.05113808,14.58314531,0,7.59558061,37.23514633	0.31824	100	100	37593	120
sim361	1,0,0,0,0	2.93036,2.93036,2.93036,2.93036,2.93036	1000000,1000000,1000000,1000000,1000000	0.000000098489,0.000000098489,0.000000098489,0.000000098489,0.000000098489	.03267	.00094,.00094,.00094,.00094,.00094	499	.00472	100.00000961	49	23.75122547	0,2e-05,3e-05,5e-05,2e-05:5e-05,0,2e-05,4e-05,1e-05:4e-05,2e-05,0,3e-05,2e-05:6e-05,2e-05,2e-05,0,2e-05:5e-05,2e-05,2e-05,4e-05,0	0.001049,0.00051,0.000478,0.000831,0.000347	0,3.21433909,20.59860295,6.08245335,4.5198362	1	100	100	2144	21
sim373	0,1,0,0,0	5.62610,5.62610,5.62610,5.62610,5.62610	1000000,1000000,1000000,1000000,1000000	0.000000111115,0.000000111115,0.000000111115,0.000000111115,0.000000111115	.01855	.00120,.00120,.00120,.00120,.00120	499	.00319	100.00000993	232	17.68991769	0,6e-05,8e-05,8e-05,3e-05:0.00013,0,7e-05,7e-05,2e-05:0.00011,8e-05,0,6e-05,3e-05:0.00011,9e-05,8e-05,0,3e-05:0.00012,7e-05,7e-05,6e-05,0	0.004115,0.002532,0.002634,0.002114,0.001127	20.79961506,0,33.2840608,15.62538417,50.72370125	1	100	100	10322	97
sim375	0,0,1,0,0	3.30188,3.30188,3.30188,3.30188,3.30188	1000000,1000000,1000000,1000000,1000000	0.000000121740,0.000000121740,0.000000121740,0.000000121740,0.000000121740	.03402	.00285,.00285,.00285,.00285,.00285	499	.00109	100.00000989	322	14.49067371	0,2e-05,7e-05,0,0:0,0,6e-05,0,1e-05:0,1e-05,0,0,0:0,2e-05,6e-05,0,1e-05:0,1e-05,7e-05,0,0	0.000444,0.001923,0.007423,0.000389,0.000746	36.89570972,32.79198043,0,34.61519975,41.3709717	1	100	100	7559	75
sim379	0,1,0,0,0	3.75104,3.75104,3.75104,3.75104,3.75104	1000000,1000000,1000000,1000000,1000000	0.000000112793,0.000000112793,0.000000112793,0.000000112793,0.000000112793	.02534	.00473,.00473,.00473,.00473,.00473	499	.00390	100.00000966	150	13.25222183	0,4e-05,2e-05,1e-05,1e-05:3e-05,0,2e-05,2e-05,2e-05:2e-05,3e-05,0,1e-05,2e-05:2e-05,4e-05,2e-05,0,1e-05:3e-05,3e-05,1e-05,1e-05,0	0.000794,0.000993,0.000386,0.000285,0.000399	26.09695808,0,44.21876428,49.65805759,25.02086213	1	100	100	2089	24
sim403	1,0,0,0,0	4.59578,4.59578,4.59578,4.59578,4.59578	1000000,1000000,1000000,1000000,1000000	0.000000089250,0.000000089250,0.000000089250,0.000000089250,0.000000089250	.01738	.00204,.00204,.00204,.00204,.00204	499	.00139	100.00000980	36	19.41454535	0,0,0,0,0:1e-05,0,0,0,0:1e-05,0,0,0,0:1e-05,0,0,0,0:1e-05,0,0,0,0	0.000732,2.1e-05,3.5e-05,0.000236,8.9e-05	0,79.17256844,71.74703231,50.23146023,51.665586	1	100	100	876	13
sim406	0,0,0,0,1	4.28408,4.28408,4.28408,4.28408,4.28408	1000000,1000000,1000000,1000000,1000000	0.000000119611,0.000000119611,0.000000119611,0.000000119611,0.000000119611	.02443	.00349,.00349,.00349,.00349,.00349	499	.00324	100.00000996	499	17.76673098	0,0.00015,0.00016,0.00043,0.00011:0.00019,0,0.00014,4e-04,1e-04:0.00024,0.00015,0,0.00044,1e-04:0.00021,0.00013,0.00014,0,0.00011:0.00018,0.00013,0.00012,0.00039,0	0.007739,0.005057,0.004875,0.014799,0.003976	25.61426296,21.18549861,28.16815261,1.22484495,0	0.367452	100	100	27847	112
sim407	0,0,0,1,0	4.10354,4.10354,4.10354,4.10354,4.10354	1000000,1000000,1000000,1000000,1000000	0.000000068980,0.000000068980,0.000000068980,0.000000068980,0.000000068980	.01218	.00463,.00463,.00463,.00463,.00463	499	.00117	100.00000964	93	16.50115226	0,0,0,1e-05,0:0,0,0,1e-05,0:0,0,0,1e-05,0:0,0,0,0,0:0,0,0,2e-05,0	8.9e-05,2.8e-05,1.9e-05,0.000917,1.3e-05	34.94071159,51.47227313,72.18911643,0,39.7890062	1	100	100	823	7
sim411	1,0,0,0,0	4.32602,4.32602,4.32602,4.32602,4.32602	1000000,1000000,1000000,1000000,1000000	0.000000107674,0.000000107674,0.000000107674,0.000000107674,0.000000107674	.02387	.00102,.00102,.00102,.00102,.00102	499	.00045	100.00000997	137	20.79008673	0,0,1e-05,0,0:2e-05,0,0,0,0:3e-05,0,0,0,0:2e-05,0,0,0,0:3e-05,0,0,0,0	0.007062,4e-05,0.001077,0.000308,3.7e-05	0,72.55887081,29.90677435,40.73489138,64.55231089	1	100	100	6543	64
sim414	0,0,1,0,0	5.71472,5.71472,5.71472,5.71472,5.71472	1000000,1000000,1000000,1000000,1000000	0.000000107151,0.000000107151,0.000000107151,0.000000107151,0.000000107151	.01774	.00101,.00101,.00101,.00101,.00101	499	.00166	100.00000997	371	19.72856078	0,2e-05,0.00022,3e-05,2e-05:3e-05,0,0.00024,2e-05,2e-05:3e-05,3e-05,0,3e-05,2e-05:3e-05,2e-05,0.00019,0,2e-05:4e-05,3e-05,0.00022,3e-05,0	0.001754,0.001511,0.014379,0.001874,0.001164	38.41913785,39.99034754,0,18.14679813,31.42657534	1	100	100	17031	181
sim415	0,1,0,0,0	6.24488,6.24488,6.24488,6.24488,6.24488	1000000,1000000,1000000,1000000,1000000	0.000000126521,0.000000126521,0.000000126521,0.000000126521,0.000000126521	.01573	.00453,.00453,.00453,.00453,.00453	499	.00197	100.00000974	499	17.65905565	0,0.00059,8e-05,7e-05,7e-05:7e-05,0,1e-04,7e-05,6e-05:6e-05,0.00056,0,6e-05,6e-05:6e-05,0.00062,8e-05,0,7e-05:6e-05,0.00058,8e-05,6e-05,0	0.003459,0.036095,0.00628,0.004037,0.004191	37.26837251,0,37.02838368,48.22109563,39.80542421	0.210637	100	100	45230	91
sim418	0,1,0,0,0	5.66990,5.66990,5.66990,5.66990,5.66990	1000000,1000000,1000000,1000000,1000000	0.000000125418,0.000000125418,0.000000125418,0.000000125418,0.000000125418	.01726	.00486,.00486,.00486,.00486,.00486	499	.00053	100.00000998	499	15.99217570	0,0.00013,0,0,0:1e-05,0,0,0,1e-05:0,0.00014,0,0,1e-05:0,0.00015,1e-05,0,0:0,0.00013,0,0,0	0.000585,0.032918,0.001065,0.000551,0.001062	54.52040422,0,45.67169902,55.62168023,41.31925362	0.284817	100	100	29682	86
sim419	1,0,0,0,0	3.31580,3.31580,3.31580,3.31580,3.31580	1000000,1000000,1000000,1000000,1000000	0.000000124441,0.000000124441,0.000000124441,0.000000124441,0.000000124441	.03417	.00336,.00336,.00336,.00336,.00336	499	.00431	100.00000991	29	14.21345894	0,1e-05,0,1e-05,0:2e-05,0,1e-05,0,0:2e-05,1e-05,0,0,0:1e-05,1e-05,0,0,0:1e-05,0,1e-05,0,0	0.000456,0.000289,0.000187,0.000132,7.9e-05	0,52.59285256,66.3246291,57.72739789,61.0863286	1	100	100	782	5
sim422	0,0,0,1,0	5.41826,5.41826,5.41826,5.41826,5.41826	1000000,1000000,1000000,1000000,1000000	0.000000114433,0.000000114433,0.000000114433,0.000000114433,0.000000114433	.01807	.00305,.00305,.00305,.00305,.00305	499	.00029	100.00000988	499	14.47285764	0,0,0,4e-05,0:0,0,0,3e-05,0:0,0,0,2e-05,0:0,0,0,0,0:0,0,0,3e-05,0	0.000187,0.000531,0.000673,0.013508,0.000812	65.04605844,41.10976381,53.35467233,0,49.18452692	0.823432	100	100	12714	121
sim424	0,0,1,0,0	3.79592,3.79592,3.79592,3.79592,3.79592	1000000,1000000,1000000,1000000,1000000	0.000000092164,0.000000092164,0.000000092164,0.000000092164,0.000000092164	.02029	.00399,.00399,.00399,.00399,.00399	499	.00307	100.00000920	48	14.57242893	0,0,0,0,0:2e-05,0,1e-05,0,1e-05:1e-05,0,0,0,0:1e-05,0,0,0,0:1e-05,0,1e-05,0,0	0.00041,9e-05,0.000111,3.4e-05,0.000127	8.57605945,20.67263633,0,33.9942748,12.62419668	1	100	100	565	5
sim425	0,1,0,0,0	6.13424,6.13424,6.13424,6.13424,6.13424	1000000,1000000,1000000,1000000,1000000	0.000000089253,0.000000089253,0.000000089253,0.000000089253,0.000000089253	.01221	.00234,.00234,.00234,.00234,.00234	499	.00335	100.00000947	93	18.16388760	0,5e-05,2e-05,1e-05,1e-05:1e-05,0,2e-05,1e-05,1e-05:0,7e-05,0,1e-05,1e-05:1e-05,6e-05,2e-05,0,1e-05:1e-05,4e-05,1e-05,1e-05,0	0.000331,0.001423,0.000529,0.000197,0.000321	42.03098624,0,34.98702675,39.56978474,32.29883124	1	100	100	2329	32
sim434	1,0,0,0,0	3.26456,3.26456,3.26456,3.26456,3.26456	1000000,1000000,1000000,1000000,1000000	0.000000092550,0.000000092550,0.000000092550,0.000000092550,0.000000092550	.02636	.00199,.00199,.00199,.00199,.00199	499	.00354	100.00000996	183	18.20713995	0,3e-05,4e-05,9e-05,4e-05:5e-05,0,5e-05,1e-04,5e-05:4e-05,3e-05,0,8e-05,5e-05:4e-05,3e-05,5e-05,0,4e-05:4e-05,2e-05,5e-05,8e-05,0	0.000985,0.000841,0.001322,0.002149,0.001167	0,28.25505925,8.30970701,4.23865947,16.36930891	1	100	100	4538	35
sim437	0,1,0,0,0	7.18748,7.18748,7.18748,7.18748,7.18748	1000000,1000000,1000000,1000000,1000000	0.000000084596,0.000000084596,0.000000084596,0.000000084596,0.000000084596	.01116	.00061,.00061,.00061,.00061,.00061	499	.00184	100.00000994	148	24.69975737	0,0.00014,3e-05,2e-05,2e-05:1e-05,0,3e-05,4e-05,2e-05:1e-05,0.00012,0,3e-05,2e-05:2e-05,0.00012,3e-05,0,2e-05:1e-05,0.00012,3e-05,3e-05,0	0.000587,0.005388,0.001206,0.001382,0.00061	41.64907172,0,28.60351158,23.96564799,36.66253176	1	100	100	7900	84
sim438	0,0,0,0,1	3.10928,3.10928,3.10928,3.10928,3.10928	1000000,1000000,1000000,1000000,1000000	0.000000166688,0.000000166688,0.000000166688,0.000000166688,0.000000166688	.04882	.00479,.00479,.00479,.00479,.00479	499	.00215	100.00000986	499	13.38092938	0,3e-05,4e-05,6e-05,3e-04:3e-05,0,3e-05,5e-05,0.00031:2e-05,2e-05,0,4e-05,3e-04:2e-05,3e-05,4e-05,0,0.00032:3e-05,3e-05,4e-05,4e-05,0	0.00191,0.001747,0.002813,0.003392,0.02288	51.86654206,41.53127454,15.51499167,46.14094101,0	0.426496	100	100	22245	95
sim441	0,0,0,0,1	2.68994,2.68994,2.68994,2.68994,2.68994	1000000,1000000,1000000,1000000,1000000	0.000000128363,0.000000128363,0.000000128363,0.000000128363,0.000000128363	.04607	.00165,.00165,.00165,.00165,.00165	499	.00483	100.00000996	208	17.06819557	0,6e-05,4e-05,9e-05,0.00016:5e-05,0,5e-05,8e-05,0.00016:4e-05,8e-05,0,6e-05,0.00017:6e-05,7e-05,5e-05,0,0.00017:5e-05,5e-05,5e-05,7e-05,0	0.001231,0.001727,0.001115,0.002042,0.003887	33.15780632,22.88411564,27.75397717,13.66379942,0	1	100	100	6222	66
sim444	1,0,0,0,0	5.67152,5.67152,5.67152,5.67152,5.67152	1000000,1000000,1000000,1000000,1000000	0.000000093069,0.000000093069,0.000000093069,0.000000093069,0.000000093069	.01300	.00341,.00341,.00341,.00341,.00341	499	.00418	100.00000994	468	15.92549880	0,9e-05,5e-05,7e-05,6e-05:0.00022,0,7e-05,8e-05,6e-05:2e-04,8e-05,0,8e-05,5e-05:0.00023,1e-04,6e-05,0,7e-05:0.00019,9e-05,7e-05,6e-05,0	0.004834,0.001984,0.001436,0.001547,0.001187	0,24.33632188,32.20722107,14.75500514,30.46199487	1	100	100	9096	100
sim452	1,0,0,0,0	3.65804,3.65804,3.65804,3.65804,3.65804	1000000,1000000,1000000,1000000,1000000	0.000000096499,0.000000096499,0.000000096499,0.000000096499,0.000000096499	.02263	.00375,.00375,.00375,.00375,.00375	499	.00311	100.00000912	93	16.28608245	0,2e-05,2e-05,1e-05,2e-05:2e-05,0,1e-05,1e-05,1e-05:2e-05,2e-05,0,0,1e-05:2e-05,2e-05,2e-05,0,1e-05:2e-05,2e-05,1e-05,0,0	0.000536,0.000565,0.000355,0.000147,0.000482	0,13.19845168,24.64100395,39.12724493,25.19925664	1	100	100	1499	12
sim455	0,0,0,0,1	2.78756,2.78756,2.78756,2.78756,2.78756	1000000,1000000,1000000,1000000,1000000	0.000000062608,0.000000062608,0.000000062608,0.000000062608,0.000000062608	.01870	.00376,.00376,.00376,.00376,.00376	499	.00019	100.00000880	22	20.18444918	0,0,0,0,0:0,0,0,0,0:0,0,0,0,0:0,0,0,0,0:0,0,0,0,0	2.6e-05,7e-06,5e-06,1e-06,0.000268	36.97798418,53.62979119,56.22201493,81.11770965,0	1	100	100	211	2
sim459	0,0,1,0,0	4.18922,4.18922,4.18922,4.18922,4.18922	1000000,1000000,1000000,1000000,1000000	0.000000111558,0.000000111558,0.000000111558,0.000000111558,0.000000111558	.02503	.00160,.00160,.00160,.00160,.00160	499	.00336	100.00000962	87	18.88306123	0,2e-05,2e-05,1e-05,6e-05:2e-05,0,2e-05,1e-05,5e-05:1e-05,1e-05,0,1e-05,7e-05:1e-05,2e-05,2e-05,0,6e-05:1e-05,2e-05,2e-05,1e-05,0	0.000462,0.000486,0.000557,0.000284,0.001765	40.28377574,10.62795495,0,11.14897542,10.28986311	1	100	100	2645	37
sim461	0,0,1,0,0	2.74286,2.74286,2.74286,2.74286,2.74286	1000000,1000000,1000000,1000000,1000000	0.000000116516,0.000000116516,0.000000116516,0.000000116516,0.000000116516	.04131	.00117,.00117,.00117,.00117,.00117	499	.00324	100.00000949	54	18.70083079	0,1e-05,5e-05,1e-05,1e-05:2e-05,0,3e-05,1e-05,1e-05:2e-05,1e-05,0,1e-05,1e-05:2e-05,1e-05,3e-05,0,1e-05:2e-05,1e-05,3e-05,1e-05,0	0.000668,0.000455,0.001132,0.000337,0.000431	41.86869318,37.18458022,0,49.03964641,50.0856908	1	100	100	1890	20
sim466	1,0,0,0,0	3.57326,3.57326,3.57326,3.57326,3.57326	1000000,1000000,1000000,1000000,1000000	0.000000148326,0.000000148326,0.000000148326,0.000000148326,0.000000148326	.03841	.00310,.00310,.00310,.00310,.00310	499	.00114	100.00000959	160	12.21781812	0,0,0,0,0:4e-05,0,0,0,0:4e-05,0,0,0,0:4e-05,0,0,0,0:4e-05,0,0,0,0	0.005188,0.000119,0.000327,9.8e-05,0.000209	0,70.25694188,51.45536402,62.0953157,68.64599327	1	100	100	4317	44
sim470	0,0,0,1,0	5.17862,5.17862,5.17862,5.17862,5.17862	1000000,1000000,1000000,1000000,1000000	0.000000122577,0.000000122577,0.000000122577,0.000000122577,0.000000122577	.01962	.00405,.00405,.00405,.00405,.00405	499	.00130	100.00000998	499	17.04900485	0,4e-05,2e-05,0.00023,3e-05:2e-05,0,2e-05,3e-04,2e-05:3e-05,5e-05,0,0.00028,3e-05:3e-05,5e-05,3e-05,0,2e-05:3e-05,4e-05,3e-05,0.00027,0	0.002251,0.004012,0.00239,0.024014,0.002247	30.81492074,31.59027955,22.64133444,0,32.29054562	0.357194	100	100	28056	95
sim475	0,0,0,1,0	6.15200,6.15200,6.15200,6.15200,6.15200	1000000,1000000,1000000,1000000,1000000	0.000000097078,0.000000097078,0.000000097078,0.000000097078,0.000000097078	.01126	.00452,.00452,.00452,.00452,.00452	499	.00470	100.00000688	28	17.22929909	0,1e-05,0,1e-05,0:0,0,0,0,0:0,1e-05,0,1e-05,0:0,1e-05,0,0,0:0,1e-05,0,0,0	2.8e-05,0.000305,3.6e-05,0.000115,4.6e-05	70.33219654,32.16841032,58.18511158,0,77.84228967	1	100	100	443	4
sim478	0,0,0,1,0	4.93010,4.93010,4.93010,4.93010,4.93010	1000000,1000000,1000000,1000000,1000000	0.000000134641,0.000000134641,0.000000134641,0.000000134641,0.000000134641	.02324	.00407,.00407,.00407,.00407,.00407	499	.00077	100.00000983	338	12.33026699	0,0,0,5e-05,0:0,0,0,4e-05,0:0,0,0,4e-05,0:0,0,0,0,0:0,0,0,5e-05,0	0.000169,0.00022,0.000437,0.008384,0.000172	62.37589814,74.13249187,43.69531627,0,43.12014843	1	100	100	7460	61
sim483	0,0,0,1,0	2.81918,2.81918,2.81918,2.81918,2.81918	1000000,1000000,1000000,1000000,1000000	0.000000142735,0.000000142735,0.000000142735,0.000000142735,0.000000142735	.04591	.00472,.00472,.00472,.00472,.00472	499	.00190	100.00000890	108	12.81255126	0,0,2e-05,1e-05,0:0,0,2e-05,1e-05,0:0,0,0,2e-05,0:0,0,2e-05,0,0:0,0,2e-05,1e-05,0	0.000199,0.00015,0.001105,0.000935,0.000303	55.77358776,33.0335331,19.56884655,0,46.21074885	1	100	100	1719	17
sim487	0,0,0,0,1	5.23904,5.23904,5.23904,5.23904,5.23904	1000000,1000000,1000000,1000000,1000000	0.000000097288,0.000000097288,0.000000097288,0.000000097288,0.000000097288	.01792	.00065,.00065,.00065,.00065,.00065	499	.00276	100.00000983	35	22.20582719	0,1e-05,1e-05,0,4e-05:2e-05,0,0,0,3e-05:3e-05,1e-05,0,0,2e-05:2e-05,1e-05,1e-05,0,2e-05:2e-05,1e-05,0,0,0	0.000909,0.000317,0.000218,8.9e-05,0.001046	34.62488811,47.76041124,27.99678389,40.04030797,0	1	100	100	2076	16
sim489	0,0,1,0,0	4.08524,4.08524,4.08524,4.08524,4.08524	1000000,1000000,1000000,1000000,1000000	0.000000109852,0.000000109852,0.000000109852,0.000000109852,0.000000109852	.02599	.00090,.00090,.00090,.00090,.00090	499	.00433	100.00000957	78	19.49320999	0,3e-05,3e-05,4e-05,6e-05:4e-05,0,3e-05,3e-05,6e-05:5e-05,2e-05,0,4e-05,6e-05:5e-05,2e-05,3e-05,0,6e-05:4e-05,2e-05,3e-05,5e-05,0	0.00125,0.00055,0.000639,0.00097,0.001421	13.53693932,9.67193491,0,19.63833097,6.84914641	1	100	100	3554	29
sim491	0,0,0,1,0	2.91170,2.91170,2.91170,2.91170,2.91170	1000000,1000000,1000000,1000000,1000000	0.000000119729,0.000000119729,0.000000119729,0.000000119729,0.000000119729	.03889	.00223,.00223,.00223,.00223,.00223	499	.00101	100.00000978	79	16.35578960	0,0,0,2e-05,0:0,0,0,3e-05,0:0,0,0,2e-05,0:0,0,0,0,0:0,0,0,3e-05,0	5.9e-05,6.8e-05,1.8e-05,0.002922,0.000206	63.86600532,57.8736119,84.72976712,0,53.16081244	1	100	100	2100	18
sim497	1,0,0,0,0	6.87752,6.87752,6.87752,6.87752,6.87752	1000000,1000000,1000000,1000000,1000000	0.000000093671,0.000000093671,0.000000093671,0.000000093671,0.000000093671	.01296	.00066,.00066,.00066,.00066,.00066	499	.00379	100.00000987	135	24.20275226	0,6e-05,6e-05,7e-05,4e-05:0.00015,0,6e-05,8e-05,3e-05:0.00016,7e-05,0,8e-05,4e-05:0.00018,6e-05,5e-05,0,4e-05:0.00017,5e-05,4e-05,7e-05,0	0.004239,0.001462,0.001274,0.001721,0.00094	0,33.65149772,29.58564906,11.3137416,31.95549814	1	100	100	8249	78
