sim244	0,1,0,0,0	4.65398,5.58728,4.31282,7.60958,4.47584	1000000,1000000,1000000,1000000,1000000	0.000000112114,0.000000134597,0.000000103895,0.000000183314,0.000000107822	.02015	.00394,.00394,.00394,.00394,.00394	499	.00373	100.00000998	499	11.39661720	0,7e-05,3e-05,0.00052,4e-05:3e-05,0,3e-05,0.00056,4e-05:4e-05,8e-05,0,0.00057,3e-05:4e-05,1e-04,2e-05,0,4e-05:3e-05,7e-05,4e-05,0.00054,0	0.001078,0.002632,0.000789,0.026189,0.001096	49.93204358,0,49.120969,44.3375539,51.07126241	0.496024	100	100	27204	122
sim246	1,0,0,0,0	7.19462,5.00630,2.31746,4.20848,7.16756	1000000,1000000,1000000,1000000,1000000	0.000000120294,0.000000083705,0.000000038747,0.000000070365,0.000000119841	.01640	.00032,.00032,.00032,.00032,.00032	499	.00331	100.00000995	281	21.86849979	0,5e-05,3e-05,6e-05,0.00014:0.00059,0,4e-05,6e-05,0.00012:0.00056,6e-05,0,4e-05,0.00014:6e-04,6e-05,4e-05,0,0.00013:6e-04,6e-05,3e-05,5e-05,0	0.021145,0.00148,0.000368,0.00126,0.004957	0,35.21864786,32.04417354,32.39962353,30.81448173	1	100	100	24826	202
sim260	1,0,0,0,0	3.57068,6.37868,7.36730,5.60948,4.93724	1000000,1000000,1000000,1000000,1000000	0.000000070485,0.000000125915,0.000000145430,0.000000110731,0.000000097461	.01898	.00076,.00076,.00076,.00076,.00076	499	.00289	100.00000984	20	20.01759649	0,0,3e-05,0,0:1e-05,0,3e-05,0,0:0,0,0,0,0:0,0,4e-05,0,0:1e-05,0,2e-05,0,0	0.000152,9.6e-05,0.001304,8.7e-05,8.2e-05	0,64.48824458,49.2564839,73.5458312,63.23016577	1	100	100	1455	10
sim261	0,0,0,1,0	6.19724,2.15234,2.90126,2.09024,5.57354	1000000,1000000,1000000,1000000,1000000	0.000000183252,0.000000063644,0.000000085790,0.000000061808,0.000000164809	.02856	.00101,.00101,.00101,.00101,.00101	499	.00194	100.00000996	185	13.41285412	0,0,0,0,8e-05:4e-05,0,0,0,9e-05:5e-05,0,0,0,0.00011:4e-05,0,0,0,8e-05:5e-05,0,0,0,0	0.004983,8e-05,0.000185,7.8e-05,0.007675	44.52586249,71.36186253,42.66351567,0,20.29315867	1	100	100	10819	99
sim266	1,0,0,0,0	4.20830,3.33140,5.59520,5.47544,4.75340	1000000,1000000,1000000,1000000,1000000	0.000000072382,0.000000057300,0.000000096237,0.000000094177,0.000000081758	.01251	.00469,.00469,.00469,.00469,.00469	499	.00033	100.00000766	41	17.21134431	0,0,0,0,0:0,0,0,0,0:0,0,0,0,0:0,0,0,0,0:0,0,0,0,0	0.00025,1e-05,1e-06,0.000219,0	0,52.76431658,36.90866667,46.37593791,99.24516193	1	100	100	367	7
sim268	1,0,0,0,0	4.80818,3.33740,7.82090,4.70324,6.39260	1000000,1000000,1000000,1000000,1000000	0.000000081690,0.000000056702,0.000000132877,0.000000079908,0.000000108610	.01578	.00121,.00121,.00121,.00121,.00121	499	.00284	100.00000984	113	16.78842803	0,0,8e-05,1e-05,1e-05:2e-05,0,8e-05,2e-05,2e-05:2e-05,1e-05,0,1e-05,1e-05:2e-05,1e-05,9e-05,0,2e-05:2e-05,1e-05,7e-05,1e-05,0	0.000517,0.00011,0.003977,0.000243,0.00065	0,24.16140826,34.98777995,25.44481262,48.98025415	1	100	100	4709	56
sim275	1,0,0,0,0	6.53378,3.42896,3.82484,2.70860,3.14168	1000000,1000000,1000000,1000000,1000000	0.000000105977,0.000000055617,0.000000062038,0.000000043933,0.000000050958	.01304	.00318,.00318,.00318,.00318,.00318	499	.00217	100.00000997	245	15.85244748	0,0,1e-05,1e-05,1e-05:0.00012,0,1e-05,0,0:0.00013,0,0,0,1e-05:0.00012,0,1e-05,0,1e-05:0.00013,1e-05,1e-05,0,0	0.005873,0.000108,0.000197,9e-05,0.000181	0,28.81709586,19.71786082,38.37651704,41.4160457	1	100	100	5397	51
sim279	1,0,0,0,0	2.63228,2.38484,2.81390,3.24698,7.89890	1000000,1000000,1000000,1000000,1000000	0.000000129297,0.000000117143,0.000000138218,0.000000159491,0.000000387993	.04741	.00171,.00171,.00171,.00171,.00171	499	.00123	100.00000999	371	6.54341088	0,0,0,1e-05,7e-05:1e-05,0,0,0,6e-05:1e-05,0,0,0,7e-05:1e-05,0,0,0,8e-05:2e-05,0,0,0,0	0.001522,4.9e-05,0.000104,0.000165,0.022864	0,71.47411277,71.15641449,64.42889418,71.97887386	1	100	100	21103	232
sim284	0,1,0,0,0	5.17748,5.68088,7.34078,5.17454,2.68262	1000000,1000000,1000000,1000000,1000000	0.000000074918,0.000000082202,0.000000106221,0.000000074875,0.000000038817	.01265	.00182,.00182,.00182,.00182,.00182	499	.00382	100.00000969	117	20.80367390	0,8e-05,4e-05,4e-05,1e-05:2e-05,0,6e-05,3e-05,1e-05:2e-05,8e-05,0,3e-05,1e-05:3e-05,9e-05,5e-05,0,1e-05:3e-05,8e-05,4e-05,3e-05,0	0.000456,0.001807,0.001338,0.000604,0.000111	27.41177574,0,29.18097949,7.03496207,20.77085121	1	100	100	3555	40
sim288	0,0,0,1,0	2.41052,4.60346,3.52802,4.33904,2.96444	1000000,1000000,1000000,1000000,1000000	0.000000049945,0.000000095383,0.000000073100,0.000000089904,0.000000061423	.01902	.00170,.00170,.00170,.00170,.00170	499	.00430	100.00000953	34	19.68639751	0,4e-05,1e-05,1e-05,0:0,0,1e-05,1e-05,0:0,4e-05,0,1e-05,0:0,5e-05,1e-05,0,1e-05:0,4e-05,1e-05,1e-05,0	3.2e-05,0.000984,0.000143,0.000254,5.1e-05	14.8233834,16.92613267,32.62638473,0,53.96440406	1	100	100	1100	9
sim290	0,0,0,1,0	4.51682,4.33466,5.68454,3.48536,2.83004	1000000,1000000,1000000,1000000,1000000	0.000000092865,0.000000089120,0.000000116874,0.000000071659,0.000000058185	.01609	.00447,.00447,.00447,.00447,.00447	499	.00112	100.00000965	499	12.86360590	0,0,0.00012,0,0:1e-05,0,9e-05,0,0:0,1e-05,0,0,0:0,1e-05,1e-04,0,0:1e-05,1e-05,0.00012,0,0	0.000409,0.000397,0.011307,0.000161,9.7e-05	50.59683751,56.88683338,7.16618475,0,17.62970781	0.818033	100	100	10055	75
