sim46	1,0,0,0,0	6.10166,5.13812,3.49052,5.60156,4.90466	1000000,1000000,1000000,1000000,1000000	0.000000109524,0.000000092229,0.000000062654,0.000000100548,0.000000088038	.01629	.00166,.00166,.00166,.00166,.00166	499	.00219	100.00000991	295	17.27153165	0,3e-05,1e-05,1e-05,3e-05:0.00015,0,1e-05,1e-05,2e-05:0.00014,1e-05,0,1e-05,3e-05:0.00015,2e-05,2e-05,0,3e-05:0.00016,2e-05,1e-05,1e-05,0	0.00795,0.000978,0.000283,0.000709,0.001055	0,23.63344054,20.33248204,51.25500236,22.64265239	1	100	100	9004	103
sim72	0,1,0,0,0	4.23410,2.95838,5.12000,4.44542,6.34376	1000000,1000000,1000000,1000000,1000000	0.000000108519,0.000000075823,0.000000131225,0.000000113936,0.000000162590	.02322	.00241,.00241,.00241,.00241,.00241	499	.00224	100.00000982	318	14.25006683	0,1e-05,5e-05,3e-05,8e-05:2e-05,0,4e-05,4e-05,1e-04:0,2e-05,0,4e-05,8e-05:1e-05,3e-05,4e-05,0,9e-05:1e-05,2e-05,5e-05,4e-05,0	0.000445,0.000754,0.002757,0.001912,0.006378	36.7131314,0,15.05317689,15.87598996,45.07938216	1	100	100	9807	99
sim77	0,0,1,0,0	5.46350,7.48454,4.96838,5.97896,4.05116	1000000,1000000,1000000,1000000,1000000	0.000000095392,0.000000130680,0.000000086747,0.000000104392,0.000000070733	.01423	.00323,.00323,.00323,.00323,.00323	499	.00174	100.00000985	499	14.23848300	0,0.00014,3e-05,2e-05,1e-05:1e-05,0,5e-05,3e-05,2e-05:1e-05,0.00014,0,2e-05,1e-05:1e-05,0.00013,5e-05,0,1e-05:1e-05,0.00016,6e-05,2e-05,0	0.000615,0.010708,0.002414,0.001428,0.00052	38.60322329,4.10616257,0,41.81880424,29.39757335	0.850085	100	100	13226	104
sim81	0,0,0,1,0	4.00814,3.56720,7.64894,2.36126,2.77928	1000000,1000000,1000000,1000000,1000000	0.000000119723,0.000000106552,0.000000228473,0.000000070530,0.000000083017	.02721	.00266,.00266,.00266,.00266,.00266	499	.00285	100.00000999	306	8.70256279	0,0,0.00018,0,0:0,0,0.00017,0,0:1e-05,0,0,1e-05,0:0,0,2e-04,0,0:1e-05,0,0.00019,0,0	0.000233,0.000132,0.014705,7.4e-05,0.000131	77.80202977,60.34396619,52.65243661,0,70.66690293	1	100	100	13180	121
sim83	0,0,1,0,0	6.53708,6.74036,3.78254,3.74318,4.95614	1000000,1000000,1000000,1000000,1000000	0.000000168264,0.000000173496,0.000000097362,0.000000096349,0.000000127571	.02327	.00247,.00247,.00247,.00247,.00247	499	.00044	100.00000998	499	13.82868613	0,0.00012,1e-05,0,0:2e-05,0,1e-05,0,0:2e-05,0.00013,0,0,0:2e-05,0.00011,1e-05,0,0:2e-05,9e-05,1e-05,0,0	0.006484,0.044465,0.002459,0.000206,0.000308	41.93661058,37.00257476,0,62.6976844,61.90500661	0.387422	100	100	45409	170
sim84	0,0,0,1,0	5.88338,4.97372,3.44804,7.54916,2.71940	1000000,1000000,1000000,1000000,1000000	0.000000070777,0.000000059833,0.000000041479,0.000000090816,0.000000032714	.01010	.00193,.00193,.00193,.00193,.00193	499	.00169	100.00000980	30	17.34156013	0,0,0,1e-05,0:0,0,0,1e-05,0:0,0,0,1e-05,0:0,0,0,0,0:0,0,0,1e-05,0	1.3e-05,2.4e-05,3e-06,0.000711,8e-06	73.63572139,62.8253438,61.20126093,0,72.86622786	1	100	100	638	11
sim87	0,0,0,0,1	3.56210,7.51034,7.71998,5.19746,7.39130	1000000,1000000,1000000,1000000,1000000	0.000000048159,0.000000101539,0.000000104374,0.000000070269,0.000000099930	.01341	.00011,.00011,.00011,.00011,.00011	499	.00467	100.00000981	38	26.71339893	0,2e-05,2e-05,2e-05,0.00011:1e-05,0,3e-05,1e-05,1e-04:1e-05,3e-05,0,1e-05,8e-05:2e-05,3e-05,2e-05,0,0.00012:1e-05,3e-05,1e-05,2e-05,0	0.000155,0.000661,0.00046,0.000318,0.002092	7.79185443,25.89444047,34.15194941,34.82826013,0	1	100	100	3182	34
sim88	1,0,0,0,0	6.33272,7.11500,6.50708,2.71976,6.08078	1000000,1000000,1000000,1000000,1000000	0.000000130833,0.000000146995,0.000000134436,0.000000056190,0.000000125628	.01677	.00389,.00389,.00389,.00389,.00389	499	.00192	100.00000983	499	12.06546203	0,0.00012,1e-05,1e-05,2e-05:8e-05,0,1e-05,1e-05,1e-05:8e-05,0.00013,0,1e-05,1e-05:8e-05,0.00011,1e-05,0,2e-05:9e-05,0.00011,1e-05,1e-05,0	0.00594,0.009127,0.000868,0.000202,0.000665	0,42.16280517,52.08404214,53.12163342,46.04506108	0.78831	100	100	14231	106
sim101	0,0,0,1,0	5.04728,6.14966,4.91822,5.65946,2.87618	1000000,1000000,1000000,1000000,1000000	0.000000082825,0.000000100915,0.000000080707,0.000000092871,0.000000047198	.01385	.00256,.00256,.00256,.00256,.00256	499	.00114	100.00000998	186	15.66201663	0,2e-05,0,2e-05,0:0,0,0,2e-05,0:0,3e-05,0,3e-05,0:0,4e-05,0,0,0:0,3e-05,0,3e-05,0	0.000142,0.002639,0.000276,0.002043,3.5e-05	38.60941629,9.3862002,35.00043409,0,38.05320556	1	100	100	4202	26
sim102	0,0,0,0,1	4.46684,4.73546,7.51214,4.53242,3.54140	1000000,1000000,1000000,1000000,1000000	0.000000090721,0.000000096177,0.000000152571,0.000000092053,0.000000071925	.01931	.00100,.00100,.00100,.00100,.00100	499	.00103	100.00000986	28	18.41927495	0,0,1e-05,0,0:0,0,1e-05,0,0:0,0,0,0,0:0,0,1e-05,0,0:0,0,1e-05,0,0	1.4e-05,1.6e-05,0.001545,0.000133,0.000222	77.34414155,73.06660821,43.21228322,46.58920627,0	1	100	100	1639	17
sim105	0,0,1,0,0	5.09768,5.67260,5.03318,4.14074,4.27586	1000000,1000000,1000000,1000000,1000000	0.000000113831,0.000000126669,0.000000112390,0.000000092462,0.000000095479	.01892	.00341,.00341,.00341,.00341,.00341	499	.00352	100.00000979	87	13.71149248	0,5e-05,1e-05,1e-05,1e-05:1e-05,0,1e-05,1e-05,0:1e-05,4e-05,0,1e-05,0:1e-05,4e-05,1e-05,0,1e-05:1e-05,4e-05,1e-05,1e-05,0	0.000217,0.001425,0.000389,0.000168,0.000218	27.96846284,27.48737635,0,8.99175493,42.62275582	1	100	100	1975	24
