sim293	0,0,0,1,0	2.20214,5.12624,4.86290,2.73482,4.68806	1000000,1000000,1000000,1000000,1000000	0.000000073573,0.000000171267,0.000000162469,0.000000091370,0.000000156628	.02965	.00376,.00376,.00376,.00376,.00376	499	.00417	100.00000998	499	13.94146452	0,3e-04,0.00054,9e-05,1e-04:4e-05,0,0.00056,9e-05,1e-04:4e-05,0.00029,0,9e-05,0.00012:5e-05,3e-04,0.00054,0,0.00013:5e-05,3e-04,0.00052,8e-05,0	0.000729,0.011701,0.0211,0.00212,0.004256	23.48130981,42.71729139,9.68469423,0,47.87734444	0.385328	100	100	31327	117
sim301	0,0,1,0,0	5.10500,4.64558,4.08302,2.09078,5.92424	1000000,1000000,1000000,1000000,1000000	0.000000140387,0.000000127753,0.000000112283,0.000000057496,0.000000162916	.02252	.00498,.00498,.00498,.00498,.00498	499	.00490	100.00000975	389	10.93762512	0,2e-05,6e-05,1e-05,0.00014:6e-05,0,7e-05,1e-05,0.00012:6e-05,3e-05,0,2e-05,0.00012:6e-05,3e-05,6e-05,0,0.00014:6e-05,3e-05,6e-05,3e-05,0	0.001796,0.000694,0.001389,0.000218,0.004386	41.23101687,32.02067083,0,11.83362431,42.7496956	1	100	100	6823	73
sim307	0,0,1,0,0	6.76142,6.70556,5.62340,3.61976,6.85790	1000000,1000000,1000000,1000000,1000000	0.000000114470,0.000000113525,0.000000095204,0.000000061282,0.000000116104	.01425	.00268,.00268,.00268,.00268,.00268	499	.00016	100.00000997	32	18.31066884	0,0,0,0,0:0,0,0,0,0:0,0,0,0,0:0,0,0,0,0:0,0,0,0,0	0,1e-05,0.000745,0,0	94.26100594,88.9670149,0,-1,-1	1	100	100	597	4
sim308	0,0,1,0,0	5.49446,4.35404,4.40714,5.49812,3.61958	1000000,1000000,1000000,1000000,1000000	0.000000142471,0.000000112900,0.000000114277,0.000000142566,0.000000093855	.02318	.00275,.00275,.00275,.00275,.00275	499	.00262	100.00000982	494	12.96435878	0,2e-05,1e-04,2e-04,2e-05:4e-05,0,0.00012,0.00018,1e-05:3e-05,2e-05,0,0.00016,1e-05:3e-05,3e-05,1e-04,0,2e-05:3e-05,2e-05,8e-05,2e-04,0	0.00184,0.001004,0.00471,0.010273,0.000411	30.1310404,31.66754549,0,41.22629208,47.42165849	1	100	100	14655	109
sim312	0,1,0,0,0	2.46872,4.26632,2.16350,6.80774,5.39228	1000000,1000000,1000000,1000000,1000000	0.000000058335,0.000000100813,0.000000051123,0.000000160866,0.000000127419	.01992	.00371,.00371,.00371,.00371,.00371	499	.00245	100.00000870	60	14.09007961	0,0,0,0,3e-05:0,0,0,0,2e-05:0,1e-05,0,0,2e-05:0,0,0,0,2e-05:0,0,0,0,0	2.7e-05,0.000187,1.5e-05,0.000258,0.001313	52.15633598,0,66.80206892,74.2071909,10.16840339	1	100	100	1464	13
sim313	0,0,0,0,1	4.32548,5.18210,3.76898,4.49282,7.51988	1000000,1000000,1000000,1000000,1000000	0.000000057788,0.000000069232,0.000000050353,0.000000060024,0.000000100465	.01149	.00187,.00187,.00187,.00187,.00187	499	.00059	100.00000995	458	17.65085501	0,0,0,0,9e-05:0,0,0,0,0.00011:0,0,0,0,9e-05:0,0,0,0,9e-05:0,0,0,0,0	0.000106,0.000132,7.9e-05,0.000145,0.015349	51.70213119,49.91816726,35.50476051,29.2648179,0	1	100	100	13643	133
sim316	0,0,0,0,1	5.16026,4.23518,2.28212,5.63252,4.89896	1000000,1000000,1000000,1000000,1000000	0.000000103979,0.000000085338,0.000000045984,0.000000113495,0.000000098714	.01997	.00018,.00018,.00018,.00018,.00018	499	.00279	100.00000989	94	26.23109348	0,1e-05,1e-05,5e-05,0.00012:6e-05,0,1e-05,6e-05,0.00011:8e-05,1e-05,0,4e-05,0.00011:6e-05,1e-05,1e-05,0,0.00011:6e-05,1e-05,1e-05,6e-05,0	0.002598,0.000414,0.000164,0.002183,0.004144	11.82053479,29.94761508,50.58501468,28.95924471,0	1	100	100	7614	77
sim317	0,0,1,0,0	7.88372,6.95534,4.96268,3.62324,7.89194	1000000,1000000,1000000,1000000,1000000	0.000000117073,0.000000103286,0.000000073695,0.000000053805,0.000000117195	.01364	.00121,.00121,.00121,.00121,.00121	499	.00109	100.00000998	499	17.41368339	0,1e-05,2e-05,1e-05,5e-05:0.00018,0,3e-05,1e-05,5e-05:0.00016,1e-05,0,1e-05,7e-05:2e-04,1e-05,1e-05,0,5e-05:2e-04,1e-05,2e-05,0,0	0.019394,0.000633,0.001351,0.000266,0.005943	18.7504856,47.95251229,0,26.96208015,19.7094523	0.96332	100	100	23974	217
sim322	0,0,0,1,0	3.13034,2.95124,3.93932,2.57072,4.69520	1000000,1000000,1000000,1000000,1000000	0.000000116041,0.000000109402,0.000000146030,0.000000095296,0.000000174051	.03528	.00179,.00179,.00179,.00179,.00179	499	.00314	100.00000998	350	15.16394942	0,6e-05,0.00011,3e-05,0.00018:4e-05,0,1e-04,3e-05,0.00021:4e-05,6e-05,0,3e-05,0.00019:4e-05,7e-05,1e-04,0,0.00018:4e-05,7e-05,0.00012,3e-05,0	0.001435,0.002401,0.004499,0.001031,0.009777	23.38536717,6.64412647,36.6009742,0,40.94471433	1	100	100	14059	135
sim330	1,0,0,0,0	5.02388,4.87406,6.60998,2.42168,2.44676	1000000,1000000,1000000,1000000,1000000	0.000000100929,0.000000097919,0.000000132794,0.000000048651,0.000000049155	.01894	.00115,.00115,.00115,.00115,.00115	499	.00379	100.00000973	47	21.36798014	0,1e-05,4e-05,1e-05,0:5e-05,0,4e-05,1e-05,0:5e-05,1e-05,0,1e-05,0:5e-05,1e-05,3e-05,0,1e-05:4e-05,1e-05,3e-05,1e-05,0	0.0012,0.000254,0.001287,0.000121,5.2e-05	0,36.61163113,5.8471711,25.19719564,51.68531218	1	100	100	2386	23
sim334	0,0,1,0,0	4.07042,7.41734,3.98342,4.35752,3.96200	1000000,1000000,1000000,1000000,1000000	0.000000067568,0.000000123127,0.000000066124,0.000000072334,0.000000065769	.01328	.00332,.00332,.00332,.00332,.00332	499	.00218	100.00000941	36	15.56122272	0,2e-05,1e-05,0,0:0,0,1e-05,0,0:0,2e-05,0,0,0:0,1e-05,0,0,0:0,2e-05,1e-05,0,0	4e-05,0.000682,0.00016,1.9e-05,3.6e-05	60.82257007,33.6428479,0,64.12025413,52.66741971	1	100	100	785	7
