sim168	0,1,0,0,0	7.41494,6.51020,3.89408,5.77280,4.09622	1000000,1000000,1000000,1000000,1000000	0.000000095578,0.000000083916,0.000000050194,0.000000074411,0.000000052800	.01066	.00223,.00223,.00223,.00223,.00223	499	.00214	100.00000910	55	16.06390716	0,2e-05,0,0,0:0,0,0,0,0:0,2e-05,0,0,0:0,2e-05,0,0,0:0,2e-05,0,0,0	5.2e-05,0.000973,3.6e-05,2.7e-05,2.2e-05	46.55554402,0,30.47128352,42.21721156,28.97484892	1	100	100	919	6
sim169	1,0,0,0,0	5.91818,4.55858,4.41560,4.52798,4.59284	1000000,1000000,1000000,1000000,1000000	0.000000128957,0.000000099331,0.000000096215,0.000000098664,0.000000100077	.01791	.00388,.00388,.00388,.00388,.00388	499	.00158	100.00000987	499	18.17921522	0,4e-05,2e-05,3e-05,2e-05:0.00063,0,2e-05,2e-05,3e-05:0.00062,3e-05,0,2e-05,3e-05:6e-04,4e-05,3e-05,0,4e-05:0.00062,3e-05,3e-05,3e-05,0	0.048231,0.001977,0.001655,0.002094,0.001825	0,39.71950921,26.71386042,29.05159576,48.61269584	0.232526	100	100	45838	101
sim175	1,0,0,0,0	4.41908,3.27884,4.17440,3.37640,2.48522	1000000,1000000,1000000,1000000,1000000	0.000000139333,0.000000103381,0.000000131618,0.000000106457,0.000000078358	.03100	.00053,.00053,.00053,.00053,.00053	499	.00086	100.00000988	206	17.25039944	0,0,0,0,0:1e-04,0,0,0,0:0.00012,0,0,1e-05,0:0.00012,0,0,0,0:1e-04,0,0,0,0	0.016958,0.000153,0.000587,0.000544,0.000153	0,54.77471459,50.40430884,52.32871079,58.74384193	1	100	100	14176	117
sim181	0,0,0,1,0	4.04090,5.47160,7.85918,4.34492,4.73750	1000000,1000000,1000000,1000000,1000000	0.000000073706,0.000000099801,0.000000143351,0.000000079251,0.000000086412	.01628	.00196,.00196,.00196,.00196,.00196	499	.00499	100.00000903	37	17.51326436	0,1e-05,3e-05,3e-05,0:1e-05,0,3e-05,3e-05,0:1e-05,1e-05,0,2e-05,0:0,1e-05,3e-05,0,1e-05:0,1e-05,2e-05,2e-05,0	7.9e-05,0.000216,0.000809,0.000365,6.9e-05	44.81037547,44.26047646,46.41468835,0,49.96072407	1	100	100	1271	11
sim182	0,0,1,0,0	7.77914,4.43480,4.19438,2.10122,4.28738	1000000,1000000,1000000,1000000,1000000	0.000000182809,0.000000104217,0.000000098567,0.000000049378,0.000000100753	.02336	.00014,.00014,.00014,.00014,.00014	499	.00269	100.00000983	81	21.01544896	0,1e-05,9e-05,1e-05,1e-05:6e-05,0,1e-04,1e-05,1e-05:6e-05,1e-05,0,0,1e-05:6e-05,1e-05,0.00011,0,2e-05:6e-05,1e-05,1e-04,1e-05,0	0.003854,0.000417,0.003868,0.000176,0.000529	40.70625635,27.27740979,0,26.94504578,41.44970898	1	100	100	7094	64
sim183	0,0,1,0,0	2.77802,6.59534,6.35546,6.99506,5.87606	1000000,1000000,1000000,1000000,1000000	0.000000040920,0.000000097149,0.000000093615,0.000000103037,0.000000086554	.01123	.00350,.00350,.00350,.00350,.00350	499	.00170	100.00000976	91	13.43730160	0,0,3e-05,0,0:0,0,4e-05,0,0:0,0,0,0,0:0,0,2e-05,0,0:0,0,3e-05,0,0	4.3e-05,0.000103,0.001713,6.5e-05,9.2e-05	58.59591559,65.21768272,0,55.67570928,65.76020653	1	100	100	1696	10
sim184	0,0,0,0,1	5.58746,3.53846,6.67976,7.80734,5.67044	1000000,1000000,1000000,1000000,1000000	0.000000090013,0.000000057004,0.000000107610,0.000000125776,0.000000091350	.01199	.00412,.00412,.00412,.00412,.00412	499	.00384	100.00000994	158	13.04278781	0,0,2e-05,5e-05,2e-05:1e-05,0,3e-05,5e-05,2e-05:1e-05,1e-05,0,6e-05,2e-05:1e-05,1e-05,2e-05,0,1e-05:1e-05,1e-05,3e-05,5e-05,0	0.000301,0.000102,0.000733,0.001639,0.00051	58.41904618,39.29627185,16.64671595,28.64575855,0	1	100	100	2776	30
sim185	0,1,0,0,0	4.83122,2.93972,6.82988,7.40924,4.66184	1000000,1000000,1000000,1000000,1000000	0.000000221366,0.000000134697,0.000000312945,0.000000339491,0.000000213605	.04389	.00193,.00193,.00193,.00193,.00193	499	.00044	100.00000984	499	9.86555439	0,2e-05,1e-05,3e-05,0:0,0,1e-05,3e-05,0:0,4e-05,0,6e-05,0:0,3e-05,1e-05,0,0:0,3e-05,1e-05,4e-05,0	0.000581,0.008827,0.009065,0.030742,0.000627	70.79915337,0,61.02238949,68.91249373,69.44775459	0.687328	100	100	41065	279
sim191	0,0,1,0,0	5.59826,7.68980,5.03888,5.82788,5.56880	1000000,1000000,1000000,1000000,1000000	0.000000104127,0.000000143030,0.000000093723,0.000000108398,0.000000103579	.01474	.00386,.00386,.00386,.00386,.00386	499	.00306	100.00000949	46	12.27516977	0,0,1e-05,0,1e-05:0,0,1e-05,0,1e-05:0,0,0,0,1e-05:0,0,1e-05,0,1e-05:0,0,1e-05,0,0	5e-05,0.000132,0.000366,0.000101,0.000309	65.57633073,67.28496248,0,57.75630178,48.77097764	1	100	100	797	6
sim194	0,0,0,0,1	6.74252,2.33888,2.00366,2.70788,4.04588	1000000,1000000,1000000,1000000,1000000	0.000000226278,0.000000078492,0.000000067242,0.000000090876,0.000000135779	.03119	.00237,.00237,.00237,.00237,.00237	499	.00013	100.00000999	499	15.39439042	0,0,0,0,3e-05:0,0,0,0,3e-05:0,0,0,0,4e-05:0,0,0,0,4e-05:1e-05,0,0,0,0	0.006587,6e-05,3.1e-05,4.9e-05,0.033155	59.2065855,74.78772155,53.20526271,66.96571495,0	0.470755	100	100	30646	173
sim201	0,0,1,0,0	5.88410,3.67946,3.28796,4.05794,4.05116	1000000,1000000,1000000,1000000,1000000	0.000000189762,0.000000118662,0.000000106036,0.000000130868,0.000000130649	.03060	.00165,.00165,.00165,.00165,.00165	499	.00062	100.00000983	256	13.44198630	0,0,2e-05,0,0:2e-05,0,3e-05,0,0:2e-05,0,0,0,0:3e-05,1e-05,1e-05,0,0:3e-05,0,3e-05,0,0	0.007698,0.000684,0.003249,0.000961,0.000601	47.18795767,36.75857888,0,14.37608754,57.8573512	1	100	100	10348	117
