sim206	0,1,0,0,0	3.25976,4.00634,6.39044,7.76210,4.19750	1000000,1000000,1000000,1000000,1000000	0.000000086905,0.000000106809,0.000000170369,0.000000206937,0.000000111905	.02327	.00339,.00339,.00339,.00339,.00339	499	.00164	100.00000999	128	15.43764600	0,4e-05,0,0,0:0,0,1e-05,0,0:0,4e-05,0,0,1e-05:0,3e-05,1e-05,0,0:0,3e-05,1e-05,0,0	9.6e-05,0.002213,0.000792,0.000302,0.000206	62.80039245,0,60.91767159,66.42761505,54.01214103	1	100	100	2750	23
sim211	0,0,1,0,0	2.69600,2.97740,4.67246,2.68664,3.03548	1000000,1000000,1000000,1000000,1000000	0.000000054135,0.000000059786,0.000000093822,0.000000053947,0.000000060952	.01772	.00236,.00236,.00236,.00236,.00236	499	.00174	100.00000831	82	17.71953836	0,0,4e-05,0,0:0,0,4e-05,0,0:0,0,0,0,0:0,0,4e-05,0,0:0,0,4e-05,0,0	8.4e-05,0.00011,0.002253,6e-05,5.2e-05	46.08676532,35.6531054,0,49.61440664,50.95507574	1	100	100	1966	17
sim216	0,0,0,0,1	6.22652,3.09056,4.68494,6.05384,2.34038	1000000,1000000,1000000,1000000,1000000	0.000000311201,0.000000154466,0.000000234153,0.000000302570,0.000000116972	.04645	.00353,.00353,.00353,.00353,.00353	499	.00037	100.00000960	44	14.22070069	0,0,0,0,0:0,0,0,0,0:0,0,0,0,0:0,0,0,0,0:0,0,0,0,0	4.2e-05,2.8e-05,3e-06,1.2e-05,0.001035	67.99196794,71.50023987,90.13010851,84.59112096,0	1	100	100	621	6
sim220	0,0,0,0,1	2.75642,6.46442,7.53194,7.62770,2.32022	1000000,1000000,1000000,1000000,1000000	0.000000076407,0.000000179193,0.000000208785,0.000000211439,0.000000064316	.02642	.00130,.00130,.00130,.00130,.00130	499	.00437	100.00000978	155	11.27312328	0,3e-05,0.00015,4e-05,1e-05:1e-05,0,0.00018,3e-05,0:0,3e-05,0,3e-05,1e-05:1e-05,3e-05,0.00014,0,1e-05:1e-05,2e-05,0.00016,3e-05,0	0.000156,0.001043,0.007709,0.001666,0.000116	65.11059641,62.56999047,45.47268209,60.45807274,0	1	100	100	9228	90
sim223	0,0,0,1,0	2.62364,4.47032,3.36068,4.78142,5.76200	1000000,1000000,1000000,1000000,1000000	0.000000057037,0.000000097184,0.000000073061,0.000000103948,0.000000125265	.02073	.00101,.00101,.00101,.00101,.00101	499	.00395	100.00000851	23	18.14361247	0,1e-05,0,2e-05,1e-05:0,0,1e-05,2e-05,1e-05:0,1e-05,0,3e-05,1e-05:0,0,1e-05,0,2e-05:0,0,1e-05,3e-05,0	4.8e-05,0.000177,0.000136,0.00062,0.000401	54.98618869,59.01230175,28.51211144,0,54.85408935	1	100	100	1108	10
sim225	0,0,1,0,0	4.41866,5.35862,3.14624,4.80302,7.28456	1000000,1000000,1000000,1000000,1000000	0.000000090140,0.000000109315,0.000000064183,0.000000097981,0.000000148605	.01805	.00235,.00235,.00235,.00235,.00235	499	.00495	100.00000997	245	14.53678754	0,7e-05,3e-05,5e-05,0.00023:3e-05,0,3e-05,4e-05,0.00023:4e-05,6e-05,0,6e-05,0.00025:3e-05,7e-05,3e-05,0,0.00024:2e-05,7e-05,3e-05,6e-05,0	0.000589,0.001584,0.00043,0.001037,0.006866	29.98153767,18.68103855,0,18.63698339,43.42579401	1	100	100	8816	77
sim227	0,0,0,1,0	4.29254,3.06770,3.81644,4.98026,5.94146	1000000,1000000,1000000,1000000,1000000	0.000000069024,0.000000049328,0.000000061368,0.000000080082,0.000000095538	.01367	.00241,.00241,.00241,.00241,.00241	499	.00136	100.00000937	43	18.49308730	0,0,0,1e-05,0:0,0,0,1e-05,0:0,0,0,1e-05,0:0,0,0,0,0:0,0,0,1e-05,0	2.1e-05,1.3e-05,7.1e-05,0.000736,0.000119	58.94368925,60.84254573,39.97687762,0,38.72651162	1	100	100	757	7
sim228	0,1,0,0,0	2.08862,3.12170,4.88102,6.05732,3.39638	1000000,1000000,1000000,1000000,1000000	0.000000058314,0.000000087157,0.000000136278,0.000000169120,0.000000094826	.02681	.00111,.00111,.00111,.00111,.00111	499	.00367	100.00000975	55	17.54119242	0,1e-05,1e-05,4e-05,2e-05:0,0,1e-05,4e-05,2e-05:0,1e-05,0,5e-05,1e-05:0,1e-05,1e-05,0,2e-05:1e-05,1e-05,2e-05,5e-05,0	0.000131,0.000194,0.000606,0.002102,0.000458	19.44683091,0,49.02564736,45.23913982,18.27203555	1	100	100	2789	30
sim235	0,0,0,0,1	2.39456,7.25084,7.10696,2.16680,7.44842	1000000,1000000,1000000,1000000,1000000	0.000000039222,0.000000118768,0.000000116412,0.000000035492,0.000000122005	.01311	.00327,.00327,.00327,.00327,.00327	499	.00054	100.00000981	281	12.72854408	0,0,0,0,3e-05:0,0,0,0,3e-05:0,0,0,0,3e-05:0,0,0,0,3e-05:0,0,0,0,0	1.5e-05,0.000496,0.000152,1.4e-05,0.007334	56.39591671,52.5064819,67.73625855,66.11806653,0	1	100	100	6919	67
sim239	0,0,0,1,0	4.26158,4.79150,6.27800,2.40446,2.88584	1000000,1000000,1000000,1000000,1000000	0.000000084208,0.000000094680,0.000000124053,0.000000047512,0.000000057024	.01849	.00127,.00127,.00127,.00127,.00127	499	.00290	100.00000968	24	22.79317247	0,0,1e-05,0,0:2e-05,0,1e-05,0,0:2e-05,1e-05,0,0,0:2e-05,1e-05,1e-05,0,0:1e-05,1e-05,1e-05,0,0	0.000475,0.00015,0.000524,7.8e-05,3.3e-05	9.50799526,30.83401971,41.28613813,0,57.66097488	1	100	100	970	6
sim243	0,0,0,0,1	5.37542,3.62378,3.00962,2.96624,3.80012	1000000,1000000,1000000,1000000,1000000	0.000000192923,0.000000130057,0.000000108015,0.000000106458,0.000000136386	.03125	.00464,.00464,.00464,.00464,.00464	499	.00079	100.00000954	81	12.17395332	0,0,0,0,1e-05:0,0,0,0,1e-05:0,0,0,0,1e-05:0,0,0,0,2e-05:0,0,0,0,0	4.7e-05,9.5e-05,5e-05,5.6e-05,0.001892	77.44524694,60.79079383,69.38283878,75.12379803,0	1	100	100	1628	22
