sim339	0,0,1,0,0	3.66626,4.98560,6.46970,4.57706,2.63150	1000000,1000000,1000000,1000000,1000000	0.000000048137,0.000000065460,0.000000084947,0.000000060096,0.000000034551	.01019	.00294,.00294,.00294,.00294,.00294	499	.00158	100.00000932	23	15.36393737	0,0,1e-05,0,0:0,0,0,0,0:0,0,0,0,0:0,0,0,0,0:0,0,1e-05,0,0	1.1e-05,2e-06,0.000359,2e-06,2e-06	65.84296639,89.53899546,0,74.05583472,84.96297478	1	100	100	311	5
sim341	0,0,0,1,0	3.71114,4.38554,2.94374,5.66384,2.99372	1000000,1000000,1000000,1000000,1000000	0.000000069880,0.000000082579,0.000000055430,0.000000106650,0.000000056371	.01646	.00237,.00237,.00237,.00237,.00237	499	.00258	100.00000977	187	16.94334407	0,2e-05,1e-05,0.00011,1e-05:1e-05,0,1e-05,0.00011,1e-05:1e-05,2e-05,0,1e-04,0:1e-05,2e-05,1e-05,0,0:1e-05,2e-05,1e-05,0.00011,0	0.000246,0.000786,0.000176,0.004503,0.00017	37.12483206,22.91095434,28.01845935,0,27.49196928	1	100	100	4703	44
sim343	1,0,0,0,0	5.72810,7.98404,5.64242,2.00822,5.21264	1000000,1000000,1000000,1000000,1000000	0.000000114791,0.000000160000,0.000000113074,0.000000040244,0.000000104461	.01748	.00256,.00256,.00256,.00256,.00256	499	.00321	100.00000999	499	15.73169321	0,0.00023,1e-04,3e-05,1e-04:0.00031,0,8e-05,2e-05,7e-05:0.00035,0.00023,0,3e-05,9e-05:0.00034,0.00023,8e-05,0,1e-04:0.00035,0.00023,9e-05,3e-05,0	0.011921,0.01085,0.003152,0.00031,0.003049	0,42.8749859,31.55790755,33.34128754,28.04796018	0.61529	100	100	24537	141
sim351	0,0,0,1,0	5.21048,4.30424,6.52850,2.72030,3.82100	1000000,1000000,1000000,1000000,1000000	0.000000121925,0.000000100719,0.000000152766,0.000000063655,0.000000089411	.02177	.00163,.00163,.00163,.00163,.00163	499	.00314	100.00000998	499	15.66137225	0,7e-05,0.00069,5e-05,7e-05:9e-05,0,0.00069,6e-05,6e-05:9e-05,6e-05,0,4e-05,5e-05:1e-04,7e-05,0.00069,0,6e-05:1e-04,7e-05,0.00063,4e-05,0	0.003496,0.002187,0.032817,0.000912,0.001417	31.46191064,19.02089477,23.46344944,0,32.96904615	0.594048	100	100	33977	210
sim353	0,1,0,0,0	7.20122,7.90676,5.54444,4.12280,5.08688	1000000,1000000,1000000,1000000,1000000	0.000000154250,0.000000169362,0.000000118761,0.000000088310,0.000000108960	.02005	.00137,.00137,.00137,.00137,.00137	499	.00046	100.00000997	499	13.32378036	0,0.00013,0,0,0:0,0,0,0,0:0,0.00011,0,0,0:0,0.00012,0,0,0:0,0.00014,0,0,0	0.000399,0.044564,0.000178,0.000161,0.000239	69.99838793,0,78.37385431,64.75390246,63.09435915	0.641388	100	100	39681	251
sim372	0,0,0,0,1	6.60596,3.98798,3.84938,2.25854,2.39510	1000000,1000000,1000000,1000000,1000000	0.000000261265,0.000000157724,0.000000152242,0.000000089325,0.000000094726	.03779	.00176,.00176,.00176,.00176,.00176	499	.00158	100.00000987	24	20.72064793	0,0,0,0,1e-05:0,0,0,0,1e-05:0,0,0,0,1e-05:0,0,0,0,1e-05:0,0,0,0,0	0.000201,1.7e-05,5.9e-05,1.3e-05,0.000833	73.43678421,37.48438133,63.73045767,55.79503299,0	1	100	100	727	7
sim373	0,0,0,0,1	7.79486,7.11134,2.29934,6.80276,4.35164	1000000,1000000,1000000,1000000,1000000	0.000000146777,0.000000133906,0.000000043296,0.000000128095,0.000000081941	.01393	.00490,.00490,.00490,.00490,.00490	499	.00402	100.00000993	499	13.67716314	0,7e-05,4e-05,0.00014,6e-05:0.00057,0,2e-05,0.00012,6e-05:0.00054,7e-05,0,0.00016,6e-05:0.00054,7e-05,3e-05,0,7e-05:0.00053,9e-05,2e-05,0.00015,0	0.019551,0.002625,0.000361,0.004475,0.001275	9.33521735,28.32132485,33.83558002,32.75733769,0	0.386822	100	100	24247	86
sim376	0,0,0,0,1	2.28326,2.00234,7.44056,4.23446,2.30282	1000000,1000000,1000000,1000000,1000000	0.000000079274,0.000000069521,0.000000258336,0.000000147020,0.000000079953	.03042	.00430,.00430,.00430,.00430,.00430	499	.00441	100.00000591	33	9.96383274	0,0,1e-05,0,0:0,0,1e-05,1e-05,0:0,0,0,0,1e-05:0,0,1e-05,0,0:0,0,0,1e-05,0	7e-06,1.2e-05,0.000456,0.000281,4.8e-05	84.77263275,45.80698006,80.99979956,52.69038166,0	1	100	100	647	5
sim384	0,0,0,0,1	3.15464,6.34208,5.74700,4.04258,4.46702	1000000,1000000,1000000,1000000,1000000	0.000000073566,0.000000147897,0.000000134020,0.000000094272,0.000000104170	.02292	.00040,.00040,.00040,.00040,.00040	499	.00063	100.00000996	328	17.65438896	0,7e-05,0,0,3e-05:0,0,0,0,4e-05:0,8e-05,0,0,4e-05:0,9e-05,1e-05,0,4e-05:0,9e-05,0,0,0	0.000156,0.020226,0.001007,0.000383,0.007153	58.92700814,27.06955229,60.08420335,33.70400468,0	1	100	100	23789	234
sim388	0,1,0,0,0	2.00072,3.40610,3.77906,2.96036,3.77726	1000000,1000000,1000000,1000000,1000000	0.000000076267,0.000000129840,0.000000144057,0.000000112848,0.000000143989	.03670	.00142,.00142,.00142,.00142,.00142	499	.00209	100.00000997	107	14.31964467	0,4e-05,4e-05,0,0:0,0,4e-05,0,1e-05:0,3e-05,0,1e-05,1e-05:0,3e-05,3e-05,0,1e-05:0,3e-05,4e-05,0,0	7.1e-05,0.002251,0.002725,0.000243,0.000647	55.98284127,0,46.09276439,10.99355498,37.08234707	1	100	100	4272	40
sim389	0,0,0,1,0	7.59494,4.87808,5.41682,7.07780,6.25820	1000000,1000000,1000000,1000000,1000000	0.000000120076,0.000000077122,0.000000085639,0.000000111900,0.000000098942	.01367	.00214,.00214,.00214,.00214,.00214	499	.00117	100.00000974	285	15.40713428	0,0,0,6e-05,1e-05:2e-05,0,0,8e-05,0:2e-05,0,0,9e-05,1e-05:2e-05,0,0,0,0:2e-05,1e-05,0,6e-05,0	0.00223,0.00029,0.000259,0.00706,0.000459	49.2366926,31.59215425,54.86289901,0,44.39067538	1	100	100	8802	89
