sim108	0,1,0,0,0	2.45006,4.19144,6.32852,7.11206,5.78432	1000000,1000000,1000000,1000000,1000000	0.000000042802,0.000000073224,0.000000110559,0.000000124247,0.000000101052	.01392	.00355,.00355,.00355,.00355,.00355	499	.00434	100.00000979	84	14.78699415	0,0,1e-05,1e-05,3e-05:0,0,2e-05,1e-05,3e-05:0,1e-05,0,1e-05,3e-05:0,2e-05,2e-05,0,3e-05:1e-05,1e-05,1e-05,1e-05,0	3.8e-05,0.000255,0.000442,0.000319,0.000701	51.31351512,0,51.94425559,46.27775395,24.2519576	1	100	100	1444	20
sim114	0,0,1,0,0	7.65020,7.51544,2.87360,7.97198,5.15330	1000000,1000000,1000000,1000000,1000000	0.000000107255,0.000000105366,0.000000040287,0.000000111767,0.000000072249	.01174	.00228,.00228,.00228,.00228,.00228	499	.00248	100.00000963	99	16.65573215	0,5e-05,0,0,1e-05:1e-05,0,0,1e-05,1e-05:2e-05,3e-05,0,1e-05,1e-05:1e-05,5e-05,0,0,1e-05:1e-05,6e-05,0,0,0	0.000605,0.002221,4.5e-05,0.000227,0.000243	35.67051881,20.77944494,0,36.71849495,14.45697372	1	100	100	2872	30
sim126	0,1,0,0,0	7.59404,6.55376,2.83826,4.67666,3.24896	1000000,1000000,1000000,1000000,1000000	0.000000094166,0.000000081266,0.000000035194,0.000000057990,0.000000040287	.01090	.00150,.00150,.00150,.00150,.00150	499	.00277	100.00000958	39	22.40921760	0,3e-05,0,0,0:1e-05,0,0,0,0:1e-05,1e-05,0,1e-05,0:1e-05,3e-05,1e-05,0,0:1e-05,3e-05,0,0,0	0.000222,0.000872,2.8e-05,5.2e-05,5.2e-05	15.41284467,0,55.07723375,49.58460658,16.54197349	1	100	100	1022	15
sim130	0,0,0,0,1	4.00448,4.68128,6.46694,3.93452,5.18702	1000000,1000000,1000000,1000000,1000000	0.000000104797,0.000000122509,0.000000169239,0.000000102966,0.000000135744	.02348	.00269,.00269,.00269,.00269,.00269	499	.00017	100.00000993	153	14.60915145	0,0,0,0,1e-05:0,0,0,0,1e-05:0,0,0,0,1e-05:0,0,0,0,1e-05:0,0,0,0,0	7e-06,2e-06,1.6e-05,1.1e-05,0.006363	85.85960462,90.73311087,85.87850554,73.62935571,0	1	100	100	5162	50
sim136	0,0,0,0,1	6.58322,4.72922,2.54840,5.79932,6.57482	1000000,1000000,1000000,1000000,1000000	0.000000096970,0.000000069661,0.000000037537,0.000000085423,0.000000096847	.01099	.00374,.00374,.00374,.00374,.00374	499	.00310	100.00000964	89	14.85476774	0,0,0,0,3e-05:1e-05,0,0,0,3e-05:1e-05,1e-05,0,0,4e-05:0,0,0,0,4e-05:0,0,0,0,0	0.00021,4.6e-05,2.4e-05,0.000116,0.001226	31.36587933,56.00516916,26.31561642,45.36387935,0	1	100	100	1344	16
sim149	0,0,0,1,0	6.62150,3.42716,7.28714,5.65412,7.00826	1000000,1000000,1000000,1000000,1000000	0.000000107930,0.000000055862,0.000000118780,0.000000092162,0.000000114234	.01586	.00044,.00044,.00044,.00044,.00044	499	.00118	100.00000886	30	22.47958541	0,0,0,2e-05,0:0,0,0,1e-05,0:0,0,0,2e-05,0:1e-05,0,0,0,0:0,0,0,2e-05,0	0.000263,1e-05,0.000231,0.001288,0.000348	56.51984034,75.92186611,62.78941322,0,52.10052775	1	100	100	1800	18
sim153	1,0,0,0,0	3.10544,3.83018,6.66164,4.36190,4.30316	1000000,1000000,1000000,1000000,1000000	0.000000110336,0.000000136086,0.000000236688,0.000000154978,0.000000152891	.03165	.00388,.00388,.00388,.00388,.00388	499	.00384	100.00000994	499	9.50745507	0,2e-05,0.00047,5e-05,3e-05:3e-05,0,5e-04,4e-05,3e-05:3e-05,3e-05,0,5e-05,4e-05:3e-05,3e-05,5e-04,0,3e-05:3e-05,2e-05,0.00053,5e-05,0	0.000888,0.000825,0.030293,0.001946,0.001444	0,57.44453488,54.50681676,46.56839725,57.87212516	0.525263	100	100	29572	157
sim162	0,0,0,0,1	6.03668,6.08426,3.84242,4.93742,5.71382	1000000,1000000,1000000,1000000,1000000	0.000000148924,0.000000150098,0.000000094792,0.000000121806,0.000000140959	.02223	.00244,.00244,.00244,.00244,.00244	499	.00066	100.00000983	499	13.57228046	0,2e-05,0,0,8e-05:0,0,0,0,9e-05:0,2e-05,0,0,8e-05:0,2e-05,0,0,7e-05:0,2e-05,0,0,0	0.000642,0.005308,0.000129,0.000246,0.017872	50.4030337,41.19371236,70.71433442,67.30502538,0	0.831667	100	100	19913	158
sim165	1,0,0,0,0	4.31210,5.39540,2.78552,3.61520,5.36024	1000000,1000000,1000000,1000000,1000000	0.000000110519,0.000000138284,0.000000071392,0.000000092657,0.000000137382	.02517	.00046,.00046,.00046,.00046,.00046	499	.00080	100.00000970	49	21.95639822	0,0,0,0,0:3e-05,0,0,0,0:3e-05,0,0,0,0:3e-05,0,0,0,0:2e-05,0,0,0,0	0.003384,9e-05,5.2e-05,7.7e-05,0.000479	0,67.05540317,64.90631346,56.25441561,59.21428122	1	100	100	3138	32
sim167	0,0,0,1,0	7.90766,2.03384,5.88266,6.18002,3.83054	1000000,1000000,1000000,1000000,1000000	0.000000134192,0.000000034514,0.000000099828,0.000000104874,0.000000065004	.01407	.00290,.00290,.00290,.00290,.00290	499	.00076	100.00000993	499	15.19666549	0,0,0,7e-05,0:2e-05,0,0,7e-05,0:3e-05,0,0,0.00011,0:2e-05,0,1e-05,0,0:2e-05,0,1e-05,7e-05,0	0.004231,4.1e-05,0.000766,0.011095,9.8e-05	33.14708767,28.69932466,34.53479804,0,37.73891394	0.897482	100	100	13761	124
