sim158	1,0,0,0,0	7.22084,7.22084,7.22084,7.22084,7.22084	1000000,1000000,1000000,1000000,1000000	0.000000151709,0.000000172722,0.000000167956,0.000000155753,0.000000175971	.01978	.00123,.00414,.00348,.00179,.00459	499	.00121	100.00000996	499	14.75548975	0,2e-05,9e-05,5e-05,1e-05:0.00026,0,1e-04,4e-05,3e-05:0.00029,2e-05,0,4e-05,1e-05:0.00024,2e-05,1e-04,0,2e-05:0.00024,1e-05,8e-05,5e-05,0	0.032121,0.002161,0.012681,0.006062,0.003054	0,49.35906521,39.98959915,47.07582625,59.11058651	0.396977	100	100	48115	200
sim162	1,0,0,0,0	2.52950,2.52950,2.52950,2.52950,2.52950	1000000,1000000,1000000,1000000,1000000	0.000000114080,0.000000105783,0.000000114636,0.000000117318,0.000000110134	.04139	.00371,.00043,.00393,.00499,.00215	499	.00166	100.00000881	77	16.91447523	0,0,0,0,0:2e-05,0,0,0,0:3e-05,0,0,0,0:3e-05,0,0,0,0:3e-05,0,0,0,0	0.0019,5.2e-05,2.8e-05,7e-05,0.000169	0,58.39592844,25.01551276,28.03917371,34.05631862	1	100	100	1308	13
sim164	0,0,1,0,0	4.17368,4.17368,4.17368,4.17368,4.17368	1000000,1000000,1000000,1000000,1000000	0.000000070201,0.000000081219,0.000000089275,0.000000077922,0.000000075710	.01672	.00010,.00274,.00467,.00195,.00142	499	.00324	100.00000726	57	13.96070487	0,0,2e-05,0,1e-05:2e-05,0,2e-05,0,0:0,1e-05,0,0,1e-05:1e-05,0,2e-05,0,1e-05:2e-05,0,3e-05,0,0	0.000262,6.8e-05,0.000677,6.3e-05,0.000238	35.93388978,57.879165,0,63.54588614,46.28772641	1	100	100	1040	5
sim171	0,0,0,0,1	6.35744,6.35744,6.35744,6.35744,6.35744	1000000,1000000,1000000,1000000,1000000	0.000000094280,0.000000064909,0.000000092055,0.000000080294,0.000000082074	.01007	.00476,.00014,.00441,.00256,.00284	499	.00283	100.00000824	125	15.10940936	0,1e-05,1e-05,1e-05,4e-05:2e-05,0,1e-05,1e-05,3e-05:3e-05,0,0,1e-05,3e-05:1e-05,0,2e-05,0,4e-05:3e-05,1e-05,1e-05,0,0	0.000841,0.000145,0.000491,0.000189,0.00109	24.85429523,32.08881887,33.07104568,29.79331775,0	1	100	100	2304	13
sim173	0,1,0,0,0	5.07128,5.07128,5.07128,5.07128,5.07128	1000000,1000000,1000000,1000000,1000000	0.000000138344,0.000000148537,0.000000150972,0.000000141539,0.000000143821	.02698	.00030,.00231,.00279,.00093,.00138	499	.00400	100.00000932	131	14.55019350	0,1e-05,2e-05,2e-05,0.00014:1e-05,0,1e-05,1e-05,0.00013:2e-05,2e-05,0,1e-05,0.00013:1e-05,1e-05,1e-05,0,0.00012:2e-05,1e-05,1e-05,2e-05,0	0.000644,0.000502,4e-04,0.000668,0.004498	64.96445011,0,62.62095694,26.61881154,34.85785741	1	100	100	5376	57
sim175	0,1,0,0,0	3.87320,3.87320,3.87320,3.87320,3.87320	1000000,1000000,1000000,1000000,1000000	0.000000095900,0.000000087340,0.000000086372,0.000000089161,0.000000099076	.02214	.00262,.00041,.00016,.00088,.00344	499	.00358	100.00000923	62	18.80562594	0,6e-05,1e-05,1e-05,2e-05:1e-05,0,1e-05,1e-05,2e-05:1e-05,5e-05,0,1e-05,3e-05:2e-05,6e-05,1e-05,0,2e-05:2e-05,5e-05,1e-05,1e-05,0	0.000426,0.001429,0.000263,0.000271,0.000531	37.69932275,0,34.88342864,32.20418714,36.67133148	1	100	100	2185	16
sim183	0,0,0,1,0	5.06762,5.06762,5.06762,5.06762,5.06762	1000000,1000000,1000000,1000000,1000000	0.000000122889,0.000000139106,0.000000118075,0.000000138802,0.000000140575	.02311	.00114,.00434,.00019,.00428,.00463	499	.00309	100.00000994	499	15.81812895	0,0.00013,0.00017,0.00045,1e-04:1e-04,0,2e-04,4e-04,8e-05:9e-05,0.00011,0,0.00043,9e-05:9e-05,0.00012,0.00016,0,8e-05:9e-05,0.00013,0.00017,0.00042,0	0.003618,0.005317,0.006852,0.018049,0.004061	40.65419931,34.66616492,17.08897473,0,47.54809114	0.419328	100	100	30384	125
sim187	0,1,0,0,0	3.46946,3.46946,3.46946,3.46946,3.46946	1000000,1000000,1000000,1000000,1000000	0.000000137390,0.000000144225,0.000000137911,0.000000141172,0.000000133366	.03826	.00134,.00331,.00149,.00243,.00018	499	.00336	100.00000998	499	15.51596530	0,0.00041,0.00014,1e-04,8e-05:8e-05,0,0.00015,0.00011,7e-05:8e-05,0.00041,0,8e-05,7e-05:8e-05,0.00042,0.00012,0,7e-05:8e-05,4e-04,0.00013,8e-05,0	0.003436,0.01762,0.005649,0.003682,0.002938	25.88164214,0,27.494713,25.90552946,26.65740274	0.629256	100	100	23671	150
sim189	0,1,0,0,0	4.65542,4.65542,4.65542,4.65542,4.65542	1000000,1000000,1000000,1000000,1000000	0.000000066200,0.000000075371,0.000000069598,0.000000078397,0.000000061358	.01263	.00159,.00356,.00232,.00421,.00055	499	.00393	100.00000843	51	21.47675435	0,2e-05,1e-05,2e-05,0:1e-05,0,1e-05,2e-05,1e-05:1e-05,3e-05,0,1e-05,1e-05:1e-05,4e-05,2e-05,0,0:1e-05,4e-05,1e-05,2e-05,0	0.000199,0.00057,0.000174,0.000304,8.4e-05	25.44129728,0,18.38264248,17.26573393,15.48836365	1	100	100	1044	7
sim192	0,0,0,0,1	3.02978,3.02978,3.02978,3.02978,3.02978	1000000,1000000,1000000,1000000,1000000	0.000000107193,0.000000107042,0.000000108496,0.000000107738,0.000000099225	.03156	.00382,.00377,.00425,.00400,.00119	499	.00126	100.00000892	33	19.13363413	0,0,0,1e-05,1e-05:0,0,0,0,0:0,0,0,0,0:0,0,0,0,1e-05:0,0,0,1e-05,0	9e-05,3e-05,6.7e-05,0.000524,0.00048	11.83817259,27.99581671,61.57386704,21.13079602,0	1	100	100	806	5
sim195	0,0,1,0,0	4.29362,4.29362,4.29362,4.29362,4.29362	1000000,1000000,1000000,1000000,1000000	0.000000110088,0.000000100685,0.000000111591,0.000000116700,0.000000103089	.02278	.00286,.00067,.00321,.00440,.00123	499	.00263	100.00000987	251	17.64504133	0,8e-05,5e-05,1e-05,5e-05:3e-05,0,5e-05,1e-05,5e-05:3e-05,9e-05,0,1e-05,6e-05:2e-05,7e-05,4e-05,0,5e-05:3e-05,9e-05,7e-05,1e-05,0	0.001277,0.003306,0.002139,0.000712,0.002085	32.09972146,2.88568874,0,34.65145179,12.04509714	1	100	100	7302	86
