sim334	1,0,0,0,0	3.98894,3.98894,3.98894,3.98894,3.98894	1000000,1000000,1000000,1000000,1000000	0.000000129321,0.000000135783,0.000000130278,0.000000141368,0.000000133031	.03109	.00133,.00295,.00157,.00435,.00226	499	.00075	100.00000992	166	17.22322414	0,0,0,0,0:5e-05,0,0,0,0:5e-05,0,0,0,0:5e-05,0,0,0,0:5e-05,0,0,0,0	0.008234,0.00027,0.00018,0.000478,0.000359	0,33.22591503,66.70582813,50.41484474,54.17630572	1	100	100	7102	54
sim339	1,0,0,0,0	4.10684,4.10684,4.10684,4.10684,4.10684	1000000,1000000,1000000,1000000,1000000	0.000000145094,0.000000143000,0.000000139591,0.000000151378,0.000000147764	.03283	.00250,.00199,.00116,.00403,.00315	499	.00370	100.00000988	499	15.48564198	0,0.00017,0.00018,0.00017,0.00015:0.00044,0,0.00018,0.00017,0.00015:4e-04,0.00015,0,0.00016,0.00014:0.00046,0.00018,2e-04,0,0.00013:0.00047,0.00015,0.00017,0.00016,0	0.016969,0.006178,0.006676,0.006921,0.005386	0,28.82159107,25.59251014,35.96352876,41.68270134	0.478428	100	100	31789	151
sim340	0,1,0,0,0	7.48412,7.48412,7.48412,7.48412,7.48412	1000000,1000000,1000000,1000000,1000000	0.000000091680,0.000000120120,0.000000110914,0.000000121542,0.000000118997	.01148	.00077,.00457,.00334,.00476,.00442	499	.00339	100.00000996	499	16.49451146	0,0.00054,0.00013,0.00011,0.00013:8e-05,0,0.00014,0.00011,1e-04:8e-05,0.00055,0,1e-04,1e-04:7e-05,0.00057,0.00013,0,0.00013:8e-05,0.00052,0.00014,1e-04,0	0.002053,0.018812,0.00478,0.003911,0.003834	38.23583122,0,12.23436123,42.68268895,9.34632317	0.342015	100	100	28942	103
sim344	0,0,1,0,0	3.04478,3.04478,3.04478,3.04478,3.04478	1000000,1000000,1000000,1000000,1000000	0.000000096641,0.000000096275,0.000000105806,0.000000110160,0.000000098315	.03152	.00022,.00010,.00323,.00466,.00077	499	.00499	100.00000871	49	18.45952662	0,3e-05,1e-05,2e-05,1e-05:1e-05,0,1e-05,3e-05,0:2e-05,2e-05,0,2e-05,1e-05:1e-05,2e-05,2e-05,0,1e-05:2e-05,2e-05,1e-05,2e-05,0	0.000291,0.000502,0.000237,0.000508,0.000114	34.35167036,12.87329226,0,9.91283735,54.80373265	1	100	100	1096	14
sim347	0,0,0,1,0	3.90194,3.90194,3.90194,3.90194,3.90194	1000000,1000000,1000000,1000000,1000000	0.000000061689,0.000000071951,0.000000065357,0.000000066840,0.000000069805	.01499	.00082,.00345,.00176,.00214,.00290	499	.00262	100.00000890	60	21.28616184	0,1e-05,0,3e-05,0:0,0,0,3e-05,0:1e-05,1e-05,0,2e-05,0:0,1e-05,0,0,1e-05:0,0,0,3e-05,0	0.000131,0.000176,7.1e-05,0.000723,0.000122	25.936885,14.06616503,44.87776408,0,27.65540553	1	100	100	907	6
sim350	1,0,0,0,0	6.36476,6.36476,6.36476,6.36476,6.36476	1000000,1000000,1000000,1000000,1000000	0.000000103490,0.000000086624,0.000000106164,0.000000089743,0.000000093498	.01211	.00415,.00150,.00457,.00199,.00258	499	.00363	100.00000964	110	15.29458764	0,1e-05,1e-05,1e-05,1e-05:5e-05,0,1e-05,2e-05,1e-05:4e-05,1e-05,0,1e-05,0:5e-05,1e-05,1e-05,0,1e-05:5e-05,0,1e-05,1e-05,0	0.001484,0.000201,0.000306,0.000403,0.000118	0,46.14157742,17.81886655,46.81612223,14.23182052	1	100	100	2121	14
sim354	0,0,1,0,0	4.63568,4.63568,4.63568,4.63568,4.63568	1000000,1000000,1000000,1000000,1000000	0.000000138096,0.000000146904,0.000000140600,0.000000145699,0.000000133693	.02714	.00265,.00455,.00319,.00429,.00170	499	.00211	100.00000985	499	14.98521265	0,4e-05,0.00033,4e-05,7e-05:3e-05,0,0.00036,4e-05,6e-05:3e-05,5e-05,0,3e-05,6e-05:5e-05,4e-05,0.00032,0,5e-05:3e-05,5e-05,0.00035,4e-05,0	0.002208,0.003129,0.023215,0.002164,0.003856	26.38830352,45.59416046,0,47.54909652,38.33654929	0.49504	100	100	27157	125
sim355	0,0,0,0,1	3.58148,3.58148,3.58148,3.58148,3.58148	1000000,1000000,1000000,1000000,1000000	0.000000096234,0.000000100066,0.000000093870,0.000000092437,0.000000092796	.02364	.00323,.00430,.00257,.00217,.00227	499	.00277	100.00000581	49	20.00468534	0,0,0,0,2e-05:0,0,0,0,2e-05:1e-05,1e-05,0,0,2e-05:1e-05,0,0,0,2e-05:1e-05,0,0,0,0	0.000269,0.000154,4.1e-05,4.9e-05,0.000879	26.37708145,30.84367138,40.72511306,53.1844214,0	1	100	100	992	8
sim356	0,0,0,1,0	4.38080,4.38080,4.38080,4.38080,4.38080	1000000,1000000,1000000,1000000,1000000	0.000000068384,0.000000083673,0.000000066631,0.000000069654,0.000000075174	.01486	.00075,.00424,.00035,.00104,.00230	499	.00227	100.00000993	24	22.44840183	0,0,0,1e-05,0:0,0,0,2e-05,0:0,0,0,1e-05,0:0,0,0,0,0:0,0,0,1e-05,0	8.1e-05,8.9e-05,2.3e-05,0.000403,6.8e-05	50.72208332,22.67456853,45.33388189,0,45.87100734	1	100	100	504	5
sim358	0,0,0,1,0	2.32886,2.32886,2.32886,2.32886,2.32886	1000000,1000000,1000000,1000000,1000000	0.000000107593,0.000000114626,0.000000110783,0.000000106987,0.000000113205	.04425	.00195,.00497,.00332,.00169,.00436	499	.00342	100.00000969	79	17.34489016	0,1e-05,0,5e-05,0:1e-05,0,0,4e-05,1e-05:1e-05,1e-05,0,4e-05,0:1e-05,1e-05,1e-05,0,1e-05:1e-05,2e-05,0,5e-05,0	0.000369,0.000478,0.000142,0.001495,0.000293	22.82658751,28.78443905,19.17580487,0,26.60151864	1	100	100	1544	16
sim360	0,0,1,0,0	3.27368,3.27368,3.27368,3.27368,3.27368	1000000,1000000,1000000,1000000,1000000	0.000000102793,0.000000101778,0.000000101320,0.000000101680,0.000000103350	.02796	.00344,.00313,.00299,.00310,.00361	499	.00031	100.00000930	189	16.82856044	0,0,1e-05,0,0:0,0,1e-05,0,0:0,0,0,0,0:0,0,2e-05,0,0:0,0,2e-05,0,0	6.1e-05,0.000205,0.004752,0.000194,0.000153	56.81318471,20.61451463,0,61.0656125,37.51191869	1	100	100	3725	36
