sim228	1,0,0,0,0	3.83420,3.83420,3.83420,3.83420,3.83420	1000000,1000000,1000000,1000000,1000000	0.000000136114,0.000000136535,0.000000143092,0.000000144856,0.000000135308	.03386	.00164,.00175,.00346,.00392,.00143	499	.00466	100.00000994	499	17.75186849	0,0.00026,0.00054,0.00053,0.00026:0.00046,0,0.00048,0.00054,0.00026:0.00047,0.00021,0,0.00055,0.00027:0.00045,0.00023,0.00053,0,0.00027:0.00046,0.00024,0.00047,0.00057,0	0.01317,0.007356,0.015797,0.017451,0.007641	0,37.25322439,13.44700888,28.11697342,30.38625014	0.2997	100	100	45154	126
sim230	0,1,0,0,0	4.24910,4.24910,4.24910,4.24910,4.24910	1000000,1000000,1000000,1000000,1000000	0.000000096794,0.000000086044,0.000000093607,0.000000097346,0.000000096242	.01909	.00369,.00116,.00294,.00382,.00356	499	.00394	100.00000978	62	16.43460351	0,2e-05,2e-05,1e-05,1e-05:1e-05,0,2e-05,1e-05,2e-05:1e-05,1e-05,0,1e-05,1e-05:1e-05,0,3e-05,0,1e-05:1e-05,2e-05,2e-05,1e-05,0	0.000339,0.000271,0.000625,0.000165,0.000345	27.27948111,0,34.7483775,29.12835754,37.91597752	1	100	100	1369	15
sim231	0,0,0,1,0	3.95432,3.95432,3.95432,3.95432,3.95432	1000000,1000000,1000000,1000000,1000000	0.000000087548,0.000000100004,0.000000098897,0.000000102219,0.000000092886	.02109	.00105,.00420,.00392,.00476,.00240	499	.00205	100.00000776	30	18.48352728	0,0,0,1e-05,1e-05:0,0,0,1e-05,1e-05:0,0,0,0,1e-05:0,0,0,0,1e-05:0,0,0,1e-05,0	2.8e-05,3.6e-05,4.3e-05,0.00033,0.000392	49.96933023,76.72315493,73.36611193,0,20.42896161	1	100	100	636	11
sim234	0,1,0,0,0	3.08324,3.08324,3.08324,3.08324,3.08324	1000000,1000000,1000000,1000000,1000000	0.000000092713,0.000000079146,0.000000086731,0.000000085282,0.000000090246	.02517	.00490,.00050,.00296,.00249,.00410	499	.00308	100.00000867	31	15.25332321	0,0,0,0,0:1e-05,0,0,1e-05,0:1e-05,0,0,0,0:0,0,0,0,0:1e-05,0,0,0,0	0.000238,5.2e-05,6.4e-05,7.4e-05,6.9e-05	26.05315153,0,16.46701797,54.62350332,62.92415434	1	100	100	328	7
sim242	0,1,0,0,0	7.17686,7.17686,7.17686,7.17686,7.17686	1000000,1000000,1000000,1000000,1000000	0.000000133633,0.000000111456,0.000000135355,0.000000122006,0.000000115475	.01468	.00394,.00085,.00418,.00232,.00141	499	.00457	100.00000994	499	15.12414189	0,2e-04,0.00032,0.00011,0.00015:0.00033,0,0.00032,0.00013,0.00014:0.00028,0.00021,0,0.00012,0.00014:0.00027,0.00022,0.00031,0,0.00015:0.00033,0.00022,0.00028,0.00012,0	0.00896,0.004996,0.008616,0.003407,0.003746	35.92856425,0,36.05003507,35.35602655,35.20242084	0.525817	100	100	25549	130
sim250	0,0,1,0,0	5.61932,5.61932,5.61932,5.61932,5.61932	1000000,1000000,1000000,1000000,1000000	0.000000130761,0.000000116881,0.000000130424,0.000000121658,0.000000123119	.01919	.00408,.00161,.00402,.00246,.00272	499	.00284	100.00000983	499	15.16515754	0,9e-05,0.00015,9e-05,9e-05:0.00022,0,0.00018,8e-05,9e-05:2e-04,8e-05,0,8e-05,9e-05:0.00019,9e-05,0.00017,0,1e-04:2e-04,7e-05,0.00017,7e-05,0	0.009057,0.003608,0.007671,0.003336,0.003981	3.30859843,30.29519335,0,9.09748786,9.29094071	0.52361	100	100	22659	108
sim256	0,0,0,0,1	7.50302,7.50302,7.50302,7.50302,7.50302	1000000,1000000,1000000,1000000,1000000	0.000000116146,0.000000105717,0.000000107218,0.000000117047,0.000000105417	.01246	.00302,.00163,.00183,.00314,.00159	499	.00396	100.00000931	122	14.97273436	0,2e-05,3e-05,4e-05,3e-05:2e-05,0,2e-05,4e-05,5e-05:3e-05,4e-05,0,4e-05,6e-05:3e-05,3e-05,3e-05,0,4e-05:3e-05,3e-05,2e-05,4e-05,0	0.000833,0.000765,0.000551,0.001036,0.001206	47.31531307,25.6470494,57.46677871,25.06585968,0	1	100	100	3828	34
sim259	0,0,1,0,0	6.43766,6.43766,6.43766,6.43766,6.43766	1000000,1000000,1000000,1000000,1000000	0.000000116972,0.000000106092,0.000000100620,0.000000104096,0.000000115620	.01445	.00372,.00203,.00118,.00172,.00351	499	.00146	100.00000580	29	18.41120985	0,1e-05,1e-05,0,0:0,0,1e-05,0,0:0,1e-05,0,0,0:0,0,1e-05,0,0:0,1e-05,1e-05,0,0	0.00011,0.000387,0.000824,5e-06,4.6e-05	64.02438382,27.91628412,0,82.83533223,78.35807381	1	100	100	1174	6
sim261	0,0,0,0,1	2.73734,2.73734,2.73734,2.73734,2.73734	1000000,1000000,1000000,1000000,1000000	0.000000093671,0.000000097695,0.000000090852,0.000000094000,0.000000091290	.03108	.00314,.00461,.00211,.00326,.00227	499	.00255	100.00000915	130	16.05346382	0,3e-05,1e-05,1e-05,1e-05:2e-05,0,1e-05,1e-05,2e-05:2e-05,3e-05,0,1e-05,2e-05:1e-05,4e-05,0,0,1e-05:2e-05,3e-05,1e-05,1e-05,0	0.000792,0.001349,0.000225,0.000289,0.000452	12.55678357,11.5580226,42.05136267,50.19915276,0	1	100	100	1990	21
sim262	0,0,1,0,0	3.45572,3.45572,3.45572,3.45572,3.45572	1000000,1000000,1000000,1000000,1000000	0.000000110375,0.000000100907,0.000000107749,0.000000109477,0.000000105226	.02850	.00344,.00070,.00268,.00318,.00195	499	.00083	100.00000905	46	17.24990650	0,0,1e-05,0,0:0,0,1e-05,0,0:0,0,0,0,0:0,0,1e-05,0,0:0,0,1e-05,0,0	0.000126,1.8e-05,0.001029,9.2e-05,5.2e-05	56.76293432,69.89653084,0,50.3965369,59.95852144	1	100	100	929	14
sim267	0,0,0,1,0	3.82250,3.82250,3.82250,3.82250,3.82250	1000000,1000000,1000000,1000000,1000000	0.000000071060,0.000000082451,0.000000085547,0.000000079278,0.000000078819	.01768	.00091,.00389,.00470,.00306,.00294	499	.00118	100.00000926	102	19.56939709	0,0,1e-05,3e-05,0:0,0,0,3e-05,0:0,0,0,3e-05,0:0,0,0,0,0:0,0,0,3e-05,0	0.000231,5.5e-05,0.000258,0.001911,0.000139	14.93859189,51.23231376,27.00876482,0,38.76318131	1	100	100	1933	20
