sim126	1,0,0,0,0	2.81978,2.81978,2.81978,2.81978,2.81978	1000000,1000000,1000000,1000000,1000000	0.000000118458,0.000000116033,0.000000124634,0.000000125677,0.000000123929	.04060	.00141,.00055,.00360,.00397,.00335	499	.00113	100.00000995	28	16.51233308	0,0,0,0,0:1e-05,0,0,0,0:0,0,0,0,0:1e-05,0,0,0,0:1e-05,0,0,0,0	0.000608,2.5e-05,7e-06,2.5e-05,3.7e-05	0,59.26449868,87.1052326,60.42411897,55.14018015	1	100	100	430	9
sim127	0,0,0,1,0	3.03068,3.03068,3.03068,3.03068,3.03068	1000000,1000000,1000000,1000000,1000000	0.000000087253,0.000000085707,0.000000082252,0.000000085010,0.000000080979	.02660	.00219,.00168,.00054,.00145,.00012	499	.00162	100.00000585	26	20.57815622	0,0,0,1e-05,0:1e-05,0,0,1e-05,0:0,0,0,1e-05,0:1e-05,0,0,0,0:1e-05,0,0,1e-05,0	0.000545,6.1e-05,2.8e-05,0.00036,1.9e-05	21.64550791,50.74669782,46.29473175,0,70.00875259	1	100	100	676	5
sim134	0,0,0,0,1	3.42128,3.42128,3.42128,3.42128,3.42128	1000000,1000000,1000000,1000000,1000000	0.000000169832,0.000000172979,0.000000177598,0.000000180848,0.000000186117	.04943	.00021,.00113,.00248,.00343,.00497	499	.00233	100.00000943	23	13.34891691	0,0,0,0,1e-05:0,0,0,0,1e-05:0,0,0,0,2e-05:0,0,0,0,1e-05:0,0,0,0,0	4.4e-05,1.7e-05,4.7e-05,7e-06,0.000988	69.5941988,60.4096201,77.88449599,77.40851082,0	1	100	100	783	2
sim140	1,0,0,0,0	5.39468,5.39468,5.39468,5.39468,5.39468	1000000,1000000,1000000,1000000,1000000	0.000000096726,0.000000072234,0.000000074716,0.000000072342,0.000000082214	.01295	.00498,.00044,.00090,.00046,.00229	499	.00370	100.00000812	65	15.39236158	0,0,1e-05,0,1e-05:4e-05,0,1e-05,1e-05,1e-05:3e-05,0,0,1e-05,0:4e-05,0,1e-05,0,0:4e-05,1e-05,2e-05,0,0	0.000923,9.5e-05,0.000246,0.000109,0.000118	0,40.88642849,28.8920212,50.63683644,49.8651404	1	100	100	1208	11
sim142	0,1,0,0,0	6.64754,6.64754,6.64754,6.64754,6.64754	1000000,1000000,1000000,1000000,1000000	0.000000125505,0.000000124907,0.000000144451,0.000000133283,0.000000127300	.01681	.00207,.00198,.00492,.00324,.00234	499	.00031	100.00000998	235	13.93195048	0,1e-05,0,0,0:0,0,0,0,0:0,2e-05,0,0,1e-05:0,1e-05,0,0,0:0,2e-05,0,0,0	5e-05,0.00857,0.000277,9e-06,0.001512	71.95753206,0,69.50976788,73.53383439,51.37078519	1	100	100	8875	93
sim145	0,0,0,0,1	4.80086,4.80086,4.80086,4.80086,4.80086	1000000,1000000,1000000,1000000,1000000	0.000000070428,0.000000058666,0.000000067356,0.000000063035,0.000000072973	.01116	.00351,.00106,.00287,.00197,.00404	499	.00150	100.00000997	68	16.70566227	0,0,0,0,2e-05:0,0,0,0,2e-05:0,0,0,0,1e-05:0,0,0,0,1e-05:0,0,0,0,0	5.2e-05,4.5e-05,1.4e-05,2.6e-05,0.000875	54.28812619,42.10295687,66.24297958,39.53508808,0	1	100	100	782	13
sim147	0,1,0,0,0	2.86040,2.86040,2.86040,2.86040,2.86040	1000000,1000000,1000000,1000000,1000000	0.000000112642,0.000000112213,0.000000113243,0.000000117505,0.000000121738	.03788	.00150,.00135,.00171,.00320,.00468	499	.00129	100.00000982	344	18.30124970	0,0.00016,1e-05,2e-05,1e-05:1e-05,0,1e-05,1e-05,1e-05:1e-05,0.00015,0,1e-05,1e-05:1e-05,0.00013,1e-05,0,1e-05:1e-05,0.00016,2e-05,1e-05,0	0.000417,0.012494,0.000928,0.001448,0.00089	38.10823422,0,40.62914585,30.34364355,16.28155126	1	100	100	10539	106
sim152	0,0,0,1,0	4.93670,4.93670,4.93670,4.93670,4.93670	1000000,1000000,1000000,1000000,1000000	0.000000085009,0.000000091230,0.000000097944,0.000000102683,0.000000100412	.01659	.00063,.00189,.00325,.00421,.00375	499	.00492	100.00000981	95	15.20254632	0,1e-05,2e-05,4e-05,2e-05:1e-05,0,2e-05,5e-05,2e-05:2e-05,2e-05,0,4e-05,3e-05:2e-05,2e-05,1e-05,0,2e-05:2e-05,1e-05,3e-05,6e-05,0	0.000223,0.000251,0.000361,0.001136,0.000507	48.78217446,16.11019342,16.69906626,0,32.05877876	1	100	100	1995	18
sim154	0,0,1,0,0	5.50892,5.50892,5.50892,5.50892,5.50892	1000000,1000000,1000000,1000000,1000000	0.000000095194,0.000000105055,0.000000109737,0.000000087922,0.000000092660	.01495	.00233,.00412,.00497,.00101,.00187	499	.00345	100.00000981	499	14.63408621	0,7e-05,0.00021,5e-05,4e-05:8e-05,0,2e-04,7e-05,4e-05:7e-05,7e-05,0,7e-05,4e-05:7e-05,7e-05,0.00023,0,5e-05:8e-05,7e-05,2e-04,8e-05,0	0.001999,0.002136,0.006997,0.001686,0.001118	29.43831555,22.04973034,0,17.35941115,36.63488242	0.814029	100	100	11371	93
sim155	0,0,0,1,0	6.19232,6.19232,6.19232,6.19232,6.19232	1000000,1000000,1000000,1000000,1000000	0.000000141122,0.000000139946,0.000000155055,0.000000159018,0.000000163539	.02207	.00072,.00053,.00297,.00361,.00434	499	.00340	100.00000975	34	13.07445302	0,1e-05,0,0,0:2e-05,0,0,0,1e-05:1e-05,1e-05,0,0,0:2e-05,2e-05,0,0,0:1e-05,1e-05,0,0,0	0.000599,0.000485,0.00011,0.000184,0.000218	7.9728585,59.47269157,75.15380586,0,62.14743006	1	100	100	1352	17
sim157	0,0,0,1,0	2.99978,2.99978,2.99978,2.99978,2.99978	1000000,1000000,1000000,1000000,1000000	0.000000111771,0.000000124940,0.000000115281,0.000000124100,0.000000111681	.03675	.00051,.00490,.00168,.00462,.00048	499	.00025	100.00000959	392	13.30940547	0,0,0,2e-05,0:0,0,0,1e-05,0:0,0,0,2e-05,0:0,0,0,0,0:0,0,0,2e-05,0	0.000385,0.000132,8.3e-05,0.008573,4.2e-05	37.50622478,59.72017982,55.53531003,0,66.26858518	1	100	100	6115	61
