sim269	1,0,0,0,0	4.25426,4.25426,4.25426,4.25426,4.25426	1000000,1000000,1000000,1000000,1000000	0.000000102782,0.000000101123,0.000000112780,0.000000107590,0.000000114737	.02334	.00082,.00043,.00317,.00195,.00363	499	.00154	100.00000991	499	17.26515279	0,2e-05,4e-05,1e-05,1e-04:0.00019,0,2e-05,2e-05,1e-04:0.00016,3e-05,0,1e-05,9e-05:0.00016,3e-05,3e-05,0,9e-05:0.00015,3e-05,4e-05,3e-05,0	0.010515,0.001783,0.002519,0.001223,0.007727	0,15.27286379,23.42143769,28.18935959,6.23189299	0.757208	100	100	18157	143
sim272	0,0,1,0,0	7.56158,7.56158,7.56158,7.56158,7.56158	1000000,1000000,1000000,1000000,1000000	0.000000109642,0.000000109264,0.000000101400,0.000000099056,0.000000090134	.01113	.00337,.00332,.00228,.00197,.00079	499	.00146	100.00000951	96	14.93405744	0,1e-05,1e-05,0,0:0,0,1e-05,0,0:1e-05,1e-05,0,0,1e-05:1e-05,1e-05,1e-05,0,0:1e-05,1e-05,1e-05,0,0	0.000632,0.000677,0.001025,0.000173,0.000392	32.23287713,39.66744911,0,55.57305757,23.66766949	1	100	100	2554	25
sim276	0,1,0,0,0	2.59784,2.59784,2.59784,2.59784,2.59784	1000000,1000000,1000000,1000000,1000000	0.000000080481,0.000000087131,0.000000081208,0.000000081909,0.000000076298	.02878	.00220,.00476,.00248,.00275,.00059	499	.00058	100.00000704	30	17.50178872	0,0,0,0,0:0,0,0,0,0:0,0,0,0,0:0,1e-05,0,0,0:0,0,0,1e-05,0	0,0.000141,2.6e-05,0.00037,2.9e-05	63.70593998,0,43.07235117,24.89640401,68.72730798	1	100	100	335	1
sim281	0,0,1,0,0	5.48660,5.48660,5.48660,5.48660,5.48660	1000000,1000000,1000000,1000000,1000000	0.000000075001,0.000000083341,0.000000084603,0.000000094753,0.000000089541	.01242	.00125,.00277,.00300,.00485,.00390	499	.00323	100.00000976	45	16.76942042	0,1e-05,2e-05,0,0:0,0,3e-05,0,0:0,0,0,0,0:0,1e-05,1e-05,0,0:0,0,1e-05,0,0	5.4e-05,0.000135,5e-04,6.7e-05,3.9e-05	60.65348437,53.41093177,0,55.43608282,72.97275637	1	100	100	636	10
sim283	0,0,1,0,0	5.50982,5.50982,5.50982,5.50982,5.50982	1000000,1000000,1000000,1000000,1000000	0.000000095540,0.000000116863,0.000000109369,0.000000097964,0.000000093887	.01646	.00088,.00475,.00339,.00132,.00058	499	.00111	100.00000996	421	15.77953297	0,1e-05,1e-04,0,0:4e-05,0,9e-05,0,0:4e-05,0,0,1e-05,0:4e-05,1e-05,1e-04,0,0:3e-05,0,1e-04,0,0	0.003155,0.000707,0.009266,0.000469,0.000464	15.14359612,31.05107679,0,45.51720788,41.23606726	1	100	100	11581	90
sim284	0,1,0,0,0	5.61932,5.61932,5.61932,5.61932,5.61932	1000000,1000000,1000000,1000000,1000000	0.000000114577,0.000000111093,0.000000126940,0.000000108452,0.000000101653	.01786	.00253,.00191,.00473,.00144,.00023	499	.00231	100.00000985	499	18.59945996	0,0.00027,0.00017,0.00013,0.00013:7e-05,0,0.00018,0.00014,0.00014:6e-05,0.00029,0,0.00012,0.00015:7e-05,0.00027,0.00016,0,0.00013:9e-05,3e-04,0.00015,0.00012,0	0.003859,0.013619,0.009251,0.005679,0.005763	19.1740666,0,23.86242694,21.69601512,14.41903177	0.466791	100	100	31269	150
sim289	0,1,0,0,0	5.28884,5.28884,5.28884,5.28884,5.28884	1000000,1000000,1000000,1000000,1000000	0.000000090121,0.000000075683,0.000000077058,0.000000065846,0.000000085573	.01218	.00486,.00213,.00239,.00027,.00400	499	.00311	100.00000975	42	22.01762282	0,3e-05,1e-05,0,0:1e-05,0,2e-05,0,1e-05:1e-05,3e-05,0,0,0:1e-05,2e-05,0,0,1e-05:1e-05,4e-05,0,0,0	0.000178,0.000769,0.000193,9e-05,0.00018	42.96632691,0,33.97061409,46.36883428,36.4998439	1	100	100	1168	12
sim293	0,0,1,0,0	5.65448,5.65448,5.65448,5.65448,5.65448	1000000,1000000,1000000,1000000,1000000	0.000000126321,0.000000133332,0.000000141870,0.000000129431,0.000000142719	.02137	.00097,.00221,.00372,.00152,.00387	499	.00054	100.00000999	499	14.25742757	0,1e-05,1e-04,0,0:0,0,0.00013,1e-05,0:0,0,0,1e-05,0:0,0,0.00012,0,0:0,0,0.00012,1e-05,0	0.000293,0.000732,0.029996,0.001077,0.000607	68.51515208,58.43464771,0,43.19465161,22.20327645	0.465485	100	100	26700	135
sim294	0,1,0,0,0	2.48192,2.48192,2.48192,2.48192,2.48192	1000000,1000000,1000000,1000000,1000000	0.000000122606,0.000000123698,0.000000123276,0.000000121961,0.000000131516	.04848	.00092,.00136,.00119,.00066,.00451	499	.00376	100.00000955	254	15.02486091	0,8e-05,4e-05,4e-05,9e-05:5e-05,0,5e-05,3e-05,1e-04:5e-05,0.00012,0,4e-05,0.00011:5e-05,1e-04,4e-05,0,1e-04:5e-05,1e-04,6e-05,3e-05,0	0.001408,0.003381,0.001478,0.001071,0.003869	29.33172295,0,32.68828026,13.61677867,7.02025488	1	100	100	6826	65
sim298	0,1,0,0,0	5.20718,5.20718,5.20718,5.20718,5.20718	1000000,1000000,1000000,1000000,1000000	0.000000100290,0.000000109142,0.000000106018,0.000000120494,0.000000106695	.01855	.00071,.00241,.00181,.00459,.00194	499	.00278	100.00000826	34	16.37113696	0,0,1e-05,0,2e-05:0,0,0,0,1e-05:0,0,0,0,1e-05:0,0,0,0,1e-05:0,0,0,0,0	2.9e-05,6.2e-05,0.000197,5.6e-05,0.000655	74.48665561,0,57.23087104,66.25583125,6.27089955	1	100	100	784	9
sim299	0,0,1,0,0	5.54006,5.54006,5.54006,5.54006,5.54006	1000000,1000000,1000000,1000000,1000000	0.000000104873,0.000000101493,0.000000116119,0.000000105925,0.000000125648	.01798	.00095,.00034,.00298,.00114,.00470	499	.00284	100.00000975	499	19.39422036	0,0.00015,0.00061,0.00013,0.00019:0.00011,0,0.00059,0.00013,0.00016:0.00013,0.00015,0,0.00013,0.00018:0.00011,0.00016,0.00061,0,0.00016:0.00013,0.00014,0.00061,0.00015,0	0.00458,0.005069,0.024021,0.004977,0.007632	21.23976591,24.79430101,0,32.58648008,19.81594229	0.359769	100	100	37756	142
