sim300	1,0,0,0,0	4.26068,4.26068,4.26068,4.26068,4.26068	1000000,1000000,1000000,1000000,1000000	0.000000154023,0.000000151339,0.000000156324,0.000000166251,0.000000155301	.03495	.00120,.00057,.00174,.00407,.00150	499	.00400	100.00000983	499	15.28400073	0,2e-04,0.00069,2e-04,0.00012:0.00014,0,0.00077,2e-04,0.00016:0.00012,0.00015,0,2e-04,0.00014:0.00013,0.00017,0.00072,0,0.00017:0.00012,0.00018,0.00075,0.00019,0	0.004709,0.006221,0.028893,0.0077,0.005724	0,44.78847374,2.99688096,43.03627955,39.6576082	0.496024	100	100	40662	190
sim302	0,0,0,1,0	7.12724,7.12724,7.12724,7.12724,7.12724	1000000,1000000,1000000,1000000,1000000	0.000000093509,0.000000095790,0.000000091157,0.000000115746,0.000000089233	.01136	.00176,.00208,.00143,.00488,.00116	499	.00040	100.00000991	274	12.39083118	0,0,0,1e-05,0:0,0,0,2e-05,0:0,0,0,1e-05,0:0,0,0,0,0:0,0,0,2e-05,0	1.5e-05,0.000152,1.9e-05,0.004703,0.000101	65.22078144,59.3274987,63.06338067,0,59.09822771	1	100	100	4261	51
sim304	1,0,0,0,0	6.29612,6.29612,6.29612,6.29612,6.29612	1000000,1000000,1000000,1000000,1000000	0.000000097338,0.000000099352,0.000000089719,0.000000102941,0.000000090160	.01164	.00382,.00414,.00261,.00471,.00268	499	.00162	100.00000996	78	14.64991984	0,1e-05,0,0,0:2e-05,0,0,0,0:2e-05,1e-05,0,0,0:1e-05,1e-05,0,0,0:2e-05,0,1e-05,0,0	0.001176,4e-04,0.000132,8.8e-05,4.7e-05	0,43.81865947,59.8169213,66.56976971,72.71466216	1	100	100	1558	12
sim307	0,0,1,0,0	5.25950,5.25950,5.25950,5.25950,5.25950	1000000,1000000,1000000,1000000,1000000	0.000000080470,0.000000061378,0.000000078419,0.000000074158,0.000000070319	.01063	.00467,.00104,.00428,.00347,.00274	499	.00139	100.00000866	21	20.13726137	0,0,1e-05,0,0:0,0,0,0,0:0,0,0,0,0:0,0,1e-05,0,0:0,0,1e-05,0,0	4e-06,4e-06,0.000366,6e-06,7.3e-05	68.70173258,82.37477943,0,86.10700081,32.81735392	1	100	100	375	6
sim308	0,0,0,1,0	5.22878,5.22878,5.22878,5.22878,5.22878	1000000,1000000,1000000,1000000,1000000	0.000000064941,0.000000062849,0.000000061908,0.000000070536,0.000000072157	.01157	.00085,.00045,.00027,.00192,.00223	499	.00126	100.00000860	34	21.09832101	0,0,0,0,0:0,0,0,0,1e-05:0,0,0,1e-05,1e-05:0,0,0,0,1e-05:0,0,0,0,0	5.6e-05,9e-06,1.2e-05,0.00028,0.000413	24.83124106,74.66597243,52.90745696,0,7.60831077	1	100	100	614	7
sim311	0,1,0,0,0	6.42428,6.42428,6.42428,6.42428,6.42428	1000000,1000000,1000000,1000000,1000000	0.000000084543,0.000000084415,0.000000095079,0.000000094629,0.000000088976	.01303	.00013,.00011,.00177,.00170,.00082	499	.00063	100.00000960	52	26.66951833	0,3e-05,0,0,0:0,0,0,0,0:0,2e-05,0,0,0:0,2e-05,0,0,0:0,3e-05,0,0,0	7.1e-05,0.003822,0.000105,9e-05,0.000136	64.00732452,0,52.93738053,60.63000777,29.04580494	1	100	100	3565	34
sim313	1,0,0,0,0	4.89422,4.89422,4.89422,4.89422,4.89422	1000000,1000000,1000000,1000000,1000000	0.000000076300,0.000000096171,0.000000075224,0.000000094017,0.000000082516	.01502	.00057,.00463,.00035,.00419,.00184	499	.00373	100.00000992	113	16.23826214	0,2e-05,2e-05,3e-05,1e-05:3e-05,0,2e-05,4e-05,1e-05:2e-05,1e-05,0,2e-05,1e-05:3e-05,1e-05,2e-05,0,1e-05:3e-05,2e-05,2e-05,3e-05,0	0.00061,0.000542,0.000397,0.000844,0.000255	0,18.68339616,17.3180562,18.72052989,15.15987004	1	100	100	2095	22
sim321	0,0,0,1,0	4.84772,4.84772,4.84772,4.84772,4.84772	1000000,1000000,1000000,1000000,1000000	0.000000143007,0.000000157260,0.000000161429,0.000000153139,0.000000147079	.02938	.00012,.00306,.00392,.00221,.00096	499	.00128	100.00000983	499	15.21191734	0,8e-05,2e-05,0.00029,4e-05:3e-05,0,1e-05,0.00026,4e-05:1e-05,7e-05,0,0.00028,3e-05:3e-05,7e-05,1e-05,0,4e-05:3e-05,7e-05,2e-05,0.00028,0	0.002632,0.009028,0.002747,0.032448,0.004324	50.69517028,35.3950734,21.74371568,0,44.50346096	0.425405	100	100	40400	166
sim324	1,0,0,0,0	7.31954,7.31954,7.31954,7.31954,7.31954	1000000,1000000,1000000,1000000,1000000	0.000000098301,0.000000119528,0.000000088932,0.000000108036,0.000000123553	.01193	.00150,.00440,.00022,.00283,.00495	499	.00379	100.00000983	278	14.26969774	0,4e-05,3e-05,4e-05,7e-05:9e-05,0,3e-05,3e-05,9e-05:9e-05,4e-05,0,4e-05,9e-05:8e-05,2e-05,3e-05,0,8e-05:8e-05,3e-05,4e-05,4e-05,0	0.002309,0.000946,0.000714,0.001171,0.002585	0,48.23823211,35.41267788,44.0193282,41.89571457	1	100	100	6641	62
sim325	1,0,0,0,0	5.02988,5.02988,5.02988,5.02988,5.02988	1000000,1000000,1000000,1000000,1000000	0.000000095919,0.000000109299,0.000000116290,0.000000115787,0.000000117347	.01863	.00044,.00310,.00449,.00439,.00470	499	.00172	100.00000998	43	17.12253640	0,1e-05,1e-05,0,0:2e-05,0,1e-05,0,0:1e-05,1e-05,0,0,0:2e-05,1e-05,1e-05,0,0:1e-05,0,0,0,0	0.000652,0.00035,0.000195,0.000126,9.9e-05	0,49.95665849,30.07111547,68.42694989,63.56493682	1	100	100	1158	16
sim328	0,1,0,0,0	2.51012,2.51012,2.51012,2.51012,2.51012	1000000,1000000,1000000,1000000,1000000	0.000000100630,0.000000091870,0.000000095811,0.000000094280,0.000000095334	.03615	.00394,.00045,.00202,.00141,.00183	499	.00242	100.00000881	22	21.76331636	0,1e-05,0,1e-05,0:0,0,0,1e-05,0:0,1e-05,0,1e-05,1e-05:0,1e-05,1e-05,0,0:0,1e-05,0,1e-05,0	0.000106,0.000464,8.8e-05,0.00034,0.000156	51.98125654,0,15.57204818,24.08258103,28.78405508	1	100	100	721	4
