sim_number	index_location_0,index_location_1,index_location_2,index_location_3,index_location_4	R_0_0,R_0_1,R_0_2,R_0_3,R_0_4	S_0_0,S_0_1,S_0_2,S_0_3,S_0_4	beta_0,beta_1,beta_2,beta_3,beta_4 	mu	sampling_rate_0,sampling_rate_1,sampling_rate_2,sampling_rate_3,sampling_rate_4	max_tips	mean_migration_rate	 tree_length	num_tips	mean_branch_length 	loc0_imports_per_capita_from_0,loc0_imports_per_capita_from_1,loc0_imports_per_capita_from_2,loc0_imports_per_capita_from_3,loc0_imports_per_capita_from_4:loc1_imports_per_capita_from_0,loc1_imports_per_capita_from_1,loc1_imports_per_capita_from_2,loc1_imports_per_capita_from_3,loc1_imports_per_capita_from_4:loc2_imports_per_capita_from_0,loc2_imports_per_capita_from_1,loc2_imports_per_capita_from_2,loc2_imports_per_capita_from_3,loc2_imports_per_capita_from_4:loc3_imports_per_capita_from_0,loc3_imports_per_capita_from_1,loc3_imports_per_capita_from_2,loc3_imports_per_capita_from_3,loc3_imports_per_capita_from_4:loc4_imports_per_capita_from_0,loc4_imports_per_capita_from_1,loc4_imports_per_capita_from_2,loc4_imports_per_capita_from_3,loc4_imports_per_capita_from_4	 infections_per_capita_0,infections_per_capita_1,infections_per_capita_2,infections_per_capita_3,infections_per_capita_4	time_of_first_import_0,time_of_first_import_1,time_of_first_import_2,time_of_first_import_3,time_of_first_import_4	proportion_tips_sampled 	time_of_mass_sample	runtime	num_I_at_mass_sample_time	num_extant_sampled
sim3	0,1,0,0,0	7.61894,7.61894,7.61894,7.61894,7.61894	1000000,1000000,1000000,1000000,1000000	0.000000134931,0.000000134931,0.000000134931,0.000000134931,0.000000134931	.01554	.00217,.00217,.00217,.00217,.00217	499	.00073	100.00000999	499	19.43358861	0,0.00013,1e-05,2e-05,0:1e-05,0,1e-05,1e-05,0:1e-05,0.00012,0,1e-05,0:1e-05,0.00011,1e-05,0,0:1e-05,0.00012,2e-05,2e-05,0	0.001806,0.022122,0.003186,0.002974,0.000509	45.67652634,0,29.09989317,35.25504944,55.6491206	0.666222	100	100	26496	177
sim4	0,0,0,1,0	4.74572,4.74572,4.74572,4.74572,4.74572	1000000,1000000,1000000,1000000,1000000	0.000000144032,0.000000144032,0.000000144032,0.000000144032,0.000000144032	.02837	.00198,.00198,.00198,.00198,.00198	499	.00154	100.00000998	499	16.48422353	0,1e-05,6e-05,2e-04,3e-05:2e-05,0,5e-05,0.00019,4e-05:2e-05,1e-05,0,2e-04,3e-05:3e-05,1e-05,5e-05,0,4e-05:1e-05,1e-05,5e-05,0.00019,0	0.001888,0.001082,0.004383,0.017246,0.003078	50.15345211,46.07731664,36.72773964,0,54.25739959	0.768875	100	100	21791	199
sim13	0,1,0,0,0	4.19198,4.19198,4.19198,4.19198,4.19198	1000000,1000000,1000000,1000000,1000000	0.000000105344,0.000000105344,0.000000105344,0.000000105344,0.000000105344	.02220	.00293,.00293,.00293,.00293,.00293	499	.00325	100.00000997	145	17.05858472	0,4e-05,2e-05,1e-05,1e-05:8e-05,0,1e-05,2e-05,1e-05:6e-05,3e-05,0,2e-05,1e-05:7e-05,2e-05,2e-05,0,1e-05:7e-05,2e-05,2e-05,2e-05,0	0.00199,0.000924,0.000437,0.000759,0.000439	19.9646109,0,50.66645124,36.65768967,32.10105356	1	100	100	3480	31
sim14	0,0,0,0,1	5.17784,5.17784,5.17784,5.17784,5.17784	1000000,1000000,1000000,1000000,1000000	0.000000079790,0.000000079790,0.000000079790,0.000000079790,0.000000079790	.01162	.00379,.00379,.00379,.00379,.00379	499	.00135	100.00000835	53	17.46927343	0,0,0,0,1e-05:0,0,0,0,2e-05:0,0,0,0,1e-05:0,0,0,0,1e-05:0,0,0,0,0	6e-06,0.000165,1.8e-05,4.3e-05,0.00078	75.34990871,40.37499295,21.91072937,63.0131623,0	1	100	100	820	10
sim18	0,0,0,0,1	4.46096,4.46096,4.46096,4.46096,4.46096	1000000,1000000,1000000,1000000,1000000	0.000000104564,0.000000104564,0.000000104564,0.000000104564,0.000000104564	.02094	.00250,.00250,.00250,.00250,.00250	499	.00323	100.00000957	173	15.80105725	0,2e-05,4e-05,3e-05,7e-05:1e-05,0,3e-05,3e-05,5e-05:2e-05,1e-05,0,4e-05,5e-05:2e-05,2e-05,3e-05,0,6e-05:1e-05,3e-05,4e-05,3e-05,0	0.000445,0.000737,0.00109,0.001058,0.001837	19.400634,37.63698899,8.40705293,31.27219039,0	1	100	100	4015	43
sim19	0,0,0,0,1	5.06360,5.06360,5.06360,5.06360,5.06360	1000000,1000000,1000000,1000000,1000000	0.000000109525,0.000000109525,0.000000109525,0.000000109525,0.000000109525	.01914	.00249,.00249,.00249,.00249,.00249	499	.00205	100.00000982	224	14.97847333	0,1e-05,2e-05,0,1e-04:2e-05,0,2e-05,1e-05,8e-05:2e-05,1e-05,0,1e-05,1e-04:1e-05,1e-05,2e-05,0,8e-05:2e-05,2e-05,1e-05,1e-05,0	0.00087,0.000781,0.000696,0.000471,0.004575	45.54088473,29.13522946,39.1599755,34.60011829,0	1	100	100	5961	69
sim26	0,1,0,0,0	2.64818,2.64818,2.64818,2.64818,2.64818	1000000,1000000,1000000,1000000,1000000	0.000000076532,0.000000076532,0.000000076532,0.000000076532,0.000000076532	.02508	.00382,.00382,.00382,.00382,.00382	499	.00155	100.00000806	42	19.59396233	0,1e-05,0,0,0:0,0,0,0,0:0,2e-05,0,0,0:0,1e-05,0,0,0:0,1e-05,0,0,0	8e-06,0.000512,0.000192,3.5e-05,7.1e-05	76.23382522,0,18.19647638,43.73129617,51.76029759	1	100	100	520	7
sim28	0,0,1,0,0	6.66656,6.66656,6.66656,6.66656,6.66656	1000000,1000000,1000000,1000000,1000000	0.000000127531,0.000000127531,0.000000127531,0.000000127531,0.000000127531	.01862	.00051,.00051,.00051,.00051,.00051	499	.00335	100.00000996	436	18.71929063	0,0.00011,0.00027,0.00012,0.00012:3e-04,0,0.00029,0.00012,0.00011:3e-04,0.00011,0,0.00015,1e-04:0.00028,0.00012,0.00028,0,0.00012:3e-04,0.00013,0.00029,0.00014,0	0.010904,0.004555,0.010723,0.005207,0.004518	3.15361306,32.02135262,0,34.43882982,42.11050572	1	100	100	30424	307
sim30	1,0,0,0,0	3.91184,3.91184,3.91184,3.91184,3.91184	1000000,1000000,1000000,1000000,1000000	0.000000075811,0.000000075811,0.000000075811,0.000000075811,0.000000075811	.01499	.00439,.00439,.00439,.00439,.00439	499	.00292	100.00000909	44	15.56108675	0,0,0,0,0:1e-05,0,0,1e-05,0:1e-05,0,0,0,0:1e-05,0,0,0,0:2e-05,0,0,0,0	0.000367,6.3e-05,5.6e-05,0.000129,6.5e-05	0,42.83471185,47.6388114,26.10356232,33.12293029	1	100	100	492	2
sim33	1,0,0,0,0	3.44306,3.44306,3.44306,3.44306,3.44306	1000000,1000000,1000000,1000000,1000000	0.000000128563,0.000000128563,0.000000128563,0.000000128563,0.000000128563	.03604	.00130,.00130,.00130,.00130,.00130	499	.00262	100.00000975	139	18.91261363	0,1e-05,1e-05,1e-05,2e-05:1e-04,0,2e-05,2e-05,1e-05:9e-05,1e-05,0,1e-05,1e-05:9e-05,2e-05,1e-05,0,2e-05:1e-04,1e-05,1e-05,2e-05,0	0.004543,0.000739,0.000604,0.000556,0.000942	0,35.79146642,22.26083892,27.53654413,33.76319108	1	100	100	5234	59
sim36	0,1,0,0,0	3.33650,3.33650,3.33650,3.33650,3.33650	1000000,1000000,1000000,1000000,1000000	0.000000136629,0.000000136629,0.000000136629,0.000000136629,0.000000136629	.03950	.00145,.00145,.00145,.00145,.00145	499	.00031	100.00000986	318	15.81511290	0,4e-05,0,0,0:0,0,0,0,0:0,5e-05,0,0,0:0,3e-05,0,0,0:0,4e-05,0,0,0	0.00033,0.017104,0.000121,0.000446,0.000317	62.03812064,0,53.8127495,58.47668387,59.09043209	1	100	100	12874	129
sim37	0,0,0,1,0	2.76536,2.76536,2.76536,2.76536,2.76536	1000000,1000000,1000000,1000000,1000000	0.000000126874,0.000000126874,0.000000126874,0.000000126874,0.000000126874	.04378	.00210,.00210,.00210,.00210,.00210	499	.00256	100.00000960	24	16.39993645	0,0,0,2e-05,0:0,0,0,2e-05,0:0,0,0,2e-05,0:0,0,0,0,0:0,0,0,1e-05,0	7.1e-05,0.000101,0.000125,0.000832,0.000125	45.88731289,65.63212671,54.87332056,0,44.95873844	1	100	100	814	7
sim40	0,0,0,0,1	2.48906,2.48906,2.48906,2.48906,2.48906	1000000,1000000,1000000,1000000,1000000	0.000000116338,0.000000116338,0.000000116338,0.000000116338,0.000000116338	.04216	.00458,.00458,.00458,.00458,.00458	499	.00172	100.00000911	153	13.92355974	0,0,0,1e-05,3e-05:0,0,0,0,3e-05:0,0,0,1e-05,2e-05:0,0,0,0,2e-05:0,1e-05,0,1e-05,0	7.3e-05,0.000189,4.4e-05,0.000514,0.001892	43.18649449,43.21421035,58.87546955,38.30727437,0	1	100	100	1642	20
sim49	0,1,0,0,0	7.25162,7.25162,7.25162,7.25162,7.25162	1000000,1000000,1000000,1000000,1000000	0.000000088179,0.000000088179,0.000000088179,0.000000088179,0.000000088179	.01046	.00170,.00170,.00170,.00170,.00170	499	.00063	100.00000948	27	16.20280798	0,0,0,0,0:0,0,0,0,0:0,0,0,0,0:0,0,0,0,0:0,1e-05,0,0,0	2e-06,0.000659,2e-06,3e-06,1.9e-05	96.58493173,0,87.12416238,90.23932323,49.11366384	1	100	100	587	5
sim52	0,0,1,0,0	3.70328,3.70328,3.70328,3.70328,3.70328	1000000,1000000,1000000,1000000,1000000	0.000000132244,0.000000132244,0.000000132244,0.000000132244,0.000000132244	.03178	.00393,.00393,.00393,.00393,.00393	499	.00305	100.00000996	380	12.50244916	0,1e-04,4e-05,3e-05,1e-05:3e-05,0,4e-05,3e-05,1e-05:2e-05,0.00013,0,4e-05,1e-05:2e-05,0.00014,3e-05,0,2e-05:2e-05,0.00011,3e-05,4e-05,0	0.000966,0.005357,0.00161,0.00146,0.000709	55.41652987,10.80003756,0,49.40161247,48.20582879	1	100	100	7383	77
sim62	1,0,0,0,0	4.20482,4.20482,4.20482,4.20482,4.20482	1000000,1000000,1000000,1000000,1000000	0.000000110544,0.000000110544,0.000000110544,0.000000110544,0.000000110544	.02222	.00407,.00407,.00407,.00407,.00407	499	.00189	100.00000976	141	12.47464269	0,2e-05,0,0,0:4e-05,0,0,0,0:3e-05,2e-05,0,0,0:3e-05,2e-05,0,0,0:4e-05,2e-05,0,0,0	0.001938,0.000924,0.000189,0.000139,0.00016	0,24.64115458,57.59064973,65.33795748,63.76040223	1	100	100	2540	22
sim63	0,1,0,0,0	3.85874,3.85874,3.85874,3.85874,3.85874	1000000,1000000,1000000,1000000,1000000	0.000000079528,0.000000079528,0.000000079528,0.000000079528,0.000000079528	.01570	.00491,.00491,.00491,.00491,.00491	499	.00055	100.00000903	59	20.22589233	0,1e-05,0,0,0:0,0,0,0,0:0,0,0,0,0:0,0,0,0,0:0,0,0,0,0	3.1e-05,0.000765,2e-06,5.6e-05,1.1e-05	4.67225859,0,45.73315809,58.98541414,53.73580488	1	100	100	651	5
sim66	1,0,0,0,0	3.15686,3.15686,3.15686,3.15686,3.15686	1000000,1000000,1000000,1000000,1000000	0.000000091264,0.000000091264,0.000000091264,0.000000091264,0.000000091264	.02531	.00360,.00360,.00360,.00360,.00360	499	.00172	100.00000977	125	17.70291648	0,1e-05,0,0,0:3e-05,0,0,1e-05,0:3e-05,0,0,0,0:3e-05,0,0,0,0:4e-05,0,0,1e-05,0	0.001847,0.000208,0.000126,0.000279,0.000111	0,22.52511109,60.47926947,44.96870932,46.55024077	1	100	100	1771	18
sim71	0,0,0,0,1	2.60132,2.60132,2.60132,2.60132,2.60132	1000000,1000000,1000000,1000000,1000000	0.000000099500,0.000000099500,0.000000099500,0.000000099500,0.000000099500	.03659	.00166,.00166,.00166,.00166,.00166	499	.00038	100.00000961	99	20.49343960	0,0,0,0,1e-05:0,0,0,0,1e-05:0,0,0,0,1e-05:0,0,0,0,1e-05:0,0,0,0,0	2.5e-05,5.7e-05,3e-06,0.000421,0.003628	50.9988528,65.69442092,80.41826641,29.49892705,0	1	100	100	2528	24
sim72	1,0,0,0,0	4.36082,4.36082,4.36082,4.36082,4.36082	1000000,1000000,1000000,1000000,1000000	0.000000131217,0.000000131217,0.000000131217,0.000000131217,0.000000131217	.02922	.00087,.00087,.00087,.00087,.00087	499	.00439	100.00000992	172	17.60542349	0,7e-05,5e-05,7e-05,5e-05:0.00017,0,6e-05,5e-05,4e-05:0.00017,7e-05,0,6e-05,6e-05:0.00016,7e-05,6e-05,0,5e-05:0.00017,6e-05,6e-05,5e-05,0	0.005308,0.002119,0.001617,0.001688,0.001197	0,43.77469211,45.93427458,44.13599859,38.89136126	1	100	100	9192	99
sim86	0,0,0,0,1	5.23112,5.23112,5.23112,5.23112,5.23112	1000000,1000000,1000000,1000000,1000000	0.000000073287,0.000000073287,0.000000073287,0.000000073287,0.000000073287	.01118	.00283,.00283,.00283,.00283,.00283	499	.00296	100.00000855	46	28.31606780	0,1e-05,0,2e-05,2e-05:1e-05,0,0,1e-05,2e-05:1e-05,0,0,1e-05,1e-05:1e-05,0,0,0,3e-05:1e-05,0,0,1e-05,0	0.000145,8.4e-05,7.9e-05,0.000339,0.000432	2.38486664,45.48139324,44.01673388,9.48195203,0	1	100	100	868	10
sim88	0,1,0,0,0	4.59116,4.59116,4.59116,4.59116,4.59116	1000000,1000000,1000000,1000000,1000000	0.000000096368,0.000000096368,0.000000096368,0.000000096368,0.000000096368	.01780	.00319,.00319,.00319,.00319,.00319	499	.00383	100.00000975	49	25.28431432	0,1e-05,1e-05,0,1e-05:1e-05,0,1e-05,0,0:2e-05,1e-05,0,0,0:1e-05,0,1e-05,0,1e-05:2e-05,1e-05,1e-05,0,0	0.000421,0.000152,0.00034,3.9e-05,9.9e-05	35.87276914,0,47.77044566,68.99228918,37.85914408	1	100	100	839	12
sim92	0,0,0,0,1	2.98952,2.98952,2.98952,2.98952,2.98952	1000000,1000000,1000000,1000000,1000000	0.000000087293,0.000000087293,0.000000087293,0.000000087293,0.000000087293	.02681	.00239,.00239,.00239,.00239,.00239	499	.00052	100.00000802	40	19.65942914	0,0,0,0,1e-05:0,0,0,0,1e-05:0,0,0,0,0:0,0,0,0,0:0,0,0,0,0	1.2e-05,5.5e-05,1.8e-05,8e-06,0.001009	72.78976725,20.33782915,88.06443805,71.37280786,0	1	100	100	758	6
sim96	1,0,0,0,0	5.54462,5.54462,5.54462,5.54462,5.54462	1000000,1000000,1000000,1000000,1000000	0.000000132738,0.000000132738,0.000000132738,0.000000132738,0.000000132738	.02280	.00114,.00114,.00114,.00114,.00114	499	.00489	100.00000996	499	16.34172874	0,0.00022,0.00022,0.00036,0.00028:0.00036,0,0.00022,0.00033,0.00027:0.00038,0.00021,0,0.00033,0.00032:0.00043,0.00026,0.00022,0,0.00028:0.00038,0.00022,2e-04,0.00035,0	0.010756,0.006535,0.005932,0.009063,0.007696	0,14.31409011,37.34409397,3.77033539,24.00848257	0.725291	100	100	32737	230
sim101	0,1,0,0,0	5.67848,5.67848,5.67848,5.67848,5.67848	1000000,1000000,1000000,1000000,1000000	0.000000118680,0.000000118680,0.000000118680,0.000000118680,0.000000118680	.01767	.00323,.00323,.00323,.00323,.00323	499	.00276	100.00000946	223	16.40978926	0,0.00011,2e-05,2e-05,2e-05:1e-05,0,1e-05,2e-05,2e-05:1e-05,0.00011,0,2e-05,1e-05:1e-05,1e-04,1e-05,0,2e-05:1e-05,1e-04,1e-05,2e-05,0	0.000439,0.004434,0.00043,0.000802,0.000938	16.31356601,0,48.88367203,51.09688848,50.6084133	1	100	100	5826	47
sim108	0,0,0,1,0	6.81176,6.81176,6.81176,6.81176,6.81176	1000000,1000000,1000000,1000000,1000000	0.000000150063,0.000000150063,0.000000150063,0.000000150063,0.000000150063	.02081	.00122,.00122,.00122,.00122,.00122	499	.00073	100.00000999	499	17.23832616	0,2e-04,0,4e-05,0:0,0,0,5e-05,0:0,0.00019,0,5e-05,0:1e-05,0.00019,1e-05,0,0:1e-05,0.00016,0,6e-05,0	0.000742,0.037394,0.000882,0.011056,0.001493	59.04951602,23.05689247,56.72435701,0,57.7076299	0.567045	100	100	43914	242
sim114	0,0,0,1,0	3.47804,3.47804,3.47804,3.47804,3.47804	1000000,1000000,1000000,1000000,1000000	0.000000085107,0.000000085107,0.000000085107,0.000000085107,0.000000085107	.02008	.00439,.00439,.00439,.00439,.00439	499	.00059	100.00000982	79	17.35784785	0,0,0,1e-05,0:0,0,0,1e-05,0:0,0,0,0,0:0,0,0,0,0:0,0,0,1e-05,0	1.8e-05,2.7e-05,8e-06,0.00119,1e-05	73.63414969,77.1419599,80.34723221,0,79.6497815	1	100	100	893	14
sim115	0,1,0,0,0	4.01456,4.01456,4.01456,4.01456,4.01456	1000000,1000000,1000000,1000000,1000000	0.000000059254,0.000000059254,0.000000059254,0.000000059254,0.000000059254	.01164	.00312,.00312,.00312,.00312,.00312	499	.00161	100.00000841	22	13.50132201	0,1e-05,0,0,0:0,0,0,0,0:0,0,0,0,0:0,1e-05,0,0,0:0,0,0,0,0	4.4e-05,0.00026,0,5.6e-05,1e-06	15.79692117,0,91.97240669,33.23115282,90.89293049	1	100	100	283	2
sim117	0,0,0,0,1	2.73386,2.73386,2.73386,2.73386,2.73386	1000000,1000000,1000000,1000000,1000000	0.000000136966,0.000000136966,0.000000136966,0.000000136966,0.000000136966	.04865	.00145,.00145,.00145,.00145,.00145	499	.00352	100.00000995	382	17.46833769	0,6e-05,0.00017,8e-05,0.00012:8e-05,0,2e-04,6e-05,0.00013:0.00011,6e-05,0,8e-05,0.00011:9e-05,7e-05,0.00016,0,0.00013:0.00011,5e-05,0.00018,8e-05,0	0.004046,0.002234,0.007254,0.003099,0.004634	40.32948281,35.37494807,24.70784951,39.60585631,0	1	100	100	13503	139
sim118	1,0,0,0,0	5.40824,5.40824,5.40824,5.40824,5.40824	1000000,1000000,1000000,1000000,1000000	0.000000120495,0.000000120495,0.000000120495,0.000000120495,0.000000120495	.02094	.00134,.00134,.00134,.00134,.00134	499	.00371	100.00000994	499	18.83981010	0,0.00022,0.00019,5e-04,0.00021:0.00049,0,0.00017,0.00049,0.00022:0.00048,2e-04,0,0.00052,2e-04:0.00048,0.00021,0.00018,0,0.00019:0.00049,0.00021,2e-04,0.00052,0	0.015719,0.006932,0.00571,0.016355,0.006325	0,33.57732875,31.68916151,6.51112479,30.67645709	0.493083	100	100	41373	221
sim122	0,1,0,0,0	4.87832,4.87832,4.87832,4.87832,4.87832	1000000,1000000,1000000,1000000,1000000	0.000000096834,0.000000096834,0.000000096834,0.000000096834,0.000000096834	.01603	.00382,.00382,.00382,.00382,.00382	499	.00310	100.00000970	272	15.43344196	0,0.00011,1e-05,3e-05,2e-05:2e-05,0,2e-05,2e-05,2e-05:2e-05,1e-04,0,3e-05,3e-05:2e-05,1e-04,1e-05,0,2e-05:1e-05,1e-04,2e-05,3e-05,0	0.000557,0.002749,0.000458,0.001084,0.000833	38.09651469,0,51.90354602,34.69217974,27.42313271	1	100	100	4479	39
sim132	0,0,0,0,1	3.55730,3.55730,3.55730,3.55730,3.55730	1000000,1000000,1000000,1000000,1000000	0.000000161786,0.000000161786,0.000000161786,0.000000161786,0.000000161786	.04161	.00387,.00387,.00387,.00387,.00387	499	.00397	100.00000971	312	11.17300324	0,5e-05,5e-05,2e-05,8e-05:3e-05,0,6e-05,4e-05,1e-04:2e-05,5e-05,0,2e-05,9e-05:2e-05,5e-05,6e-05,0,9e-05:2e-05,4e-05,6e-05,2e-05,0	0.000895,0.001816,0.00216,0.000981,0.003526	59.32005451,42.25609156,36.62129843,59.71819024,0	1	100	100	6688	83
sim137	1,0,0,0,0	3.01826,3.01826,3.01826,3.01826,3.01826	1000000,1000000,1000000,1000000,1000000	0.000000142461,0.000000142461,0.000000142461,0.000000142461,0.000000142461	.04417	.00303,.00303,.00303,.00303,.00303	499	.00274	100.00000989	499	16.22642030	0,5e-05,0.00014,7e-05,6e-05:0.00014,0,0.00015,8e-05,5e-05:0.00016,6e-05,0,8e-05,7e-05:0.00014,6e-05,0.00013,0,7e-05:0.00015,5e-05,0.00015,1e-04,0	0.007806,0.00266,0.007166,0.005129,0.003681	0,20.04136855,9.91422706,34.00304299,24.20779063	0.626884	100	100	17568	129
sim139	0,0,0,0,1	2.96060,2.96060,2.96060,2.96060,2.96060	1000000,1000000,1000000,1000000,1000000	0.000000145987,0.000000145987,0.000000145987,0.000000145987,0.000000145987	.04764	.00167,.00167,.00167,.00167,.00167	499	.00194	100.00000954	212	17.03922792	0,1e-05,1e-05,2e-05,1e-04:2e-05,0,1e-05,3e-05,8e-05:2e-05,1e-05,0,3e-05,7e-05:2e-05,2e-05,1e-05,0,6e-05:2e-05,1e-05,1e-05,2e-05,0	0.001881,0.001023,0.000801,0.002072,0.00578	47.01468609,44.78458253,38.3296409,32.52972172,0	1	100	100	7599	74
sim141	0,0,1,0,0	6.63452,6.63452,6.63452,6.63452,6.63452	1000000,1000000,1000000,1000000,1000000	0.000000097262,0.000000097262,0.000000097262,0.000000097262,0.000000097262	.01361	.00105,.00105,.00105,.00105,.00105	499	.00294	100.00000959	97	20.99004152	0,2e-05,7e-05,1e-05,2e-05:2e-05,0,6e-05,2e-05,1e-05:1e-05,1e-05,0,2e-05,1e-05:2e-05,2e-05,6e-05,0,2e-05:2e-05,2e-05,7e-05,2e-05,0	0.000464,0.000528,0.002388,0.000609,0.000602	27.86069479,18.4565272,0,28.54771178,32.54199981	1	100	100	3922	41
sim143	0,0,1,0,0	5.44430,5.44430,5.44430,5.44430,5.44430	1000000,1000000,1000000,1000000,1000000	0.000000126525,0.000000126525,0.000000126525,0.000000126525,0.000000126525	.02287	.00037,.00037,.00037,.00037,.00037	499	.00160	100.00000999	499	18.79490583	0,1e-04,0.00024,6e-05,8e-05:9e-05,0,0.00024,5e-05,8e-05:7e-05,9e-05,0,5e-05,8e-05:8e-05,6e-05,0.00026,0,8e-05:8e-05,0.00012,0.00024,4e-05,0	0.006013,0.0074,0.019692,0.003657,0.0062	17.81344946,20.60961634,0,15.26381856,31.39329772	0.982283	100	100	34927	359
sim146	1,0,0,0,0	2.96240,2.96240,2.96240,2.96240,2.96240	1000000,1000000,1000000,1000000,1000000	0.000000126879,0.000000126879,0.000000126879,0.000000126879,0.000000126879	.04112	.00171,.00171,.00171,.00171,.00171	499	.00457	100.00000976	32	16.02527410	0,0,1e-05,1e-05,0:3e-05,0,0,0,0:4e-05,0,0,1e-05,0:4e-05,0,1e-05,0,0:4e-05,0,0,1e-05,0	0.000973,6.8e-05,0.000234,0.000107,0.000119	0,59.54981802,37.32694309,6.2949578,31.20189698	1	100	100	980	12
sim153	0,0,0,1,0	5.12900,5.12900,5.12900,5.12900,5.12900	1000000,1000000,1000000,1000000,1000000	0.000000092681,0.000000092681,0.000000092681,0.000000092681,0.000000092681	.01401	.00406,.00406,.00406,.00406,.00406	499	.00465	100.00000942	69	17.18117658	0,3e-05,1e-05,0,1e-05:1e-05,0,0,1e-05,1e-05:1e-05,2e-05,0,0,1e-05:1e-05,2e-05,0,0,1e-05:1e-05,4e-05,0,1e-05,0	0.000206,0.000699,0.000105,8.2e-05,0.000151	50.65833059,21.19647682,41.17050834,0,1.72381723	1	100	100	1010	13
sim158	0,1,0,0,0	3.31070,3.31070,3.31070,3.31070,3.31070	1000000,1000000,1000000,1000000,1000000	0.000000122893,0.000000122893,0.000000122893,0.000000122893,0.000000122893	.03439	.00273,.00273,.00273,.00273,.00273	499	.00125	100.00000996	88	13.61100318	0,0,2e-05,0,1e-05:0,0,2e-05,0,0:0,0,0,0,0:0,0,2e-05,0,1e-05:0,0,2e-05,0,0	8.2e-05,0.000213,0.001861,0.000147,0.000366	62.91232499,0,17.51112062,66.13214701,46.31139515	1	100	100	1864	20
sim159	0,1,0,0,0	2.53688,2.53688,2.53688,2.53688,2.53688	1000000,1000000,1000000,1000000,1000000	0.000000114869,0.000000114869,0.000000114869,0.000000114869,0.000000114869	.04051	.00477,.00477,.00477,.00477,.00477	499	.00312	100.00000968	230	15.71635720	0,7e-05,2e-05,4e-05,2e-05:2e-05,0,2e-05,3e-05,2e-05:2e-05,5e-05,0,2e-05,1e-05:2e-05,6e-05,2e-05,0,1e-05:1e-05,5e-05,2e-05,3e-05,0	0.000632,0.001947,0.000667,0.001168,0.000594	11.43835739,0,36.33269783,26.34654524,40.63218951	1	100	100	3138	18
sim162	0,1,0,0,0	2.94224,2.94224,2.94224,2.94224,2.94224	1000000,1000000,1000000,1000000,1000000	0.000000086943,0.000000086943,0.000000086943,0.000000086943,0.000000086943	.02711	.00244,.00244,.00244,.00244,.00244	499	.00352	100.00000857	49	18.93883708	0,2e-05,0,1e-05,0:1e-05,0,1e-05,2e-05,0:1e-05,2e-05,0,2e-05,2e-05:1e-05,2e-05,1e-05,0,0:1e-05,1e-05,1e-05,1e-05,0	0.000133,0.000413,0.000163,0.000387,0.000282	38.54074042,0,30.75159864,27.55333405,19.55511389	1	100	100	864	8
sim174	0,0,0,0,1	6.07604,6.07604,6.07604,6.07604,6.07604	1000000,1000000,1000000,1000000,1000000	0.000000101105,0.000000101105,0.000000101105,0.000000101105,0.000000101105	.01269	.00395,.00395,.00395,.00395,.00395	499	.00253	100.00000961	220	15.42893754	0,2e-05,2e-05,2e-05,2e-05:2e-05,0,3e-05,1e-05,2e-05:2e-05,3e-05,0,1e-05,2e-05:2e-05,2e-05,2e-05,0,2e-05:2e-05,3e-05,2e-05,1e-05,0	0.000695,9e-04,0.00086,5e-04,0.000777	41.09489338,18.10323854,36.47097489,27.54116261,0	1	100	100	3073	44
sim175	0,1,0,0,0	4.59830,4.59830,4.59830,4.59830,4.59830	1000000,1000000,1000000,1000000,1000000	0.000000123924,0.000000123924,0.000000123924,0.000000123924,0.000000123924	.02452	.00243,.00243,.00243,.00243,.00243	499	.00383	100.00000973	67	14.07223417	0,3e-05,1e-05,2e-05,2e-05:0,0,1e-05,1e-05,2e-05:1e-05,2e-05,0,1e-05,1e-05:1e-05,2e-05,1e-05,0,1e-05:1e-05,2e-05,1e-05,1e-05,0	0.000276,0.000812,0.000432,0.000437,0.000425	51.7615629,0,18.5819156,17.07646058,36.47308959	1	100	100	1863	16
sim177	0,1,0,0,0	4.46996,4.46996,4.46996,4.46996,4.46996	1000000,1000000,1000000,1000000,1000000	0.000000080906,0.000000080906,0.000000080906,0.000000080906,0.000000080906	.01390	.00420,.00420,.00420,.00420,.00420	499	.00085	100.00000885	74	17.16524586	0,1e-05,0,0,0:0,0,0,0,0:0,1e-05,0,0,0:0,1e-05,0,0,0:0,1e-05,0,0,0	0.000212,0.000853,1.2e-05,5.9e-05,3.9e-05	20.89842067,0,4.13370281,50.02723299,33.05618564	1	100	100	888	9
sim178	0,0,0,0,1	6.45140,6.45140,6.45140,6.45140,6.45140	1000000,1000000,1000000,1000000,1000000	0.000000100770,0.000000100770,0.000000100770,0.000000100770,0.000000100770	.01197	.00365,.00365,.00365,.00365,.00365	499	.00479	100.00000971	180	16.30891362	0,2e-05,2e-05,2e-05,1e-04:4e-05,0,2e-05,3e-05,9e-05:6e-05,1e-05,0,2e-05,9e-05:4e-05,2e-05,2e-05,0,9e-05:3e-05,2e-05,2e-05,2e-05,0	9e-04,0.000411,4e-04,0.000474,0.002311	44.03310232,54.25311976,39.74199794,45.87682827,0	1	100	100	3827	40
sim182	0,0,1,0,0	3.24530,3.24530,3.24530,3.24530,3.24530	1000000,1000000,1000000,1000000,1000000	0.000000097229,0.000000097229,0.000000097229,0.000000097229,0.000000097229	.02824	.00172,.00172,.00172,.00172,.00172	499	.00059	100.00000819	31	29.49548918	0,0,1e-05,0,0:0,0,1e-05,0,0:0,0,0,0,0:0,0,1e-05,0,0:0,0,1e-05,0,0	4e-06,7e-06,0.001484,2.2e-05,2e-05	67.49585866,33.78257214,0,59.57236424,52.09412614	1	100	100	1091	9
sim189	0,0,1,0,0	3.57566,3.57566,3.57566,3.57566,3.57566	1000000,1000000,1000000,1000000,1000000	0.000000137877,0.000000137877,0.000000137877,0.000000137877,0.000000137877	.03364	.00492,.00492,.00492,.00492,.00492	499	.00488	100.00000995	499	13.31056273	0,0.00011,3e-04,6e-05,9e-05:7e-05,0,0.00034,7e-05,9e-05:8e-05,9e-05,0,8e-05,9e-05:7e-05,9e-05,0.00031,0,1e-04:7e-05,0.00011,0.00036,8e-05,0	0.001983,0.002698,0.008926,0.002085,0.002375	20.9422669,28.29393941,0,24.71331767,39.15305981	0.648052	100	100	12867	83
sim190	0,1,0,0,0	6.40178,6.40178,6.40178,6.40178,6.40178	1000000,1000000,1000000,1000000,1000000	0.000000122338,0.000000122338,0.000000122338,0.000000122338,0.000000122338	.01514	.00397,.00397,.00397,.00397,.00397	499	.00058	100.00000981	499	13.29758269	0,8e-05,0,0,0:0,0,0,0,0:0,8e-05,0,0,0:0,6e-05,0,0,0:0,8e-05,0,0,0	0.00034,0.014786,0.000224,0.00015,0.000547	45.31418233,0,64.0437457,61.23028987,65.1534677	0.762997	100	100	13453	99
sim194	0,1,0,0,0	7.86374,7.86374,7.86374,7.86374,7.86374	1000000,1000000,1000000,1000000,1000000	0.000000141625,0.000000141625,0.000000141625,0.000000141625,0.000000141625	.01588	.00213,.00213,.00213,.00213,.00213	499	.00392	100.00000998	499	16.58655145	0,3e-04,0.00011,0.00031,0.00019:0.00011,0,0.00012,3e-04,0.00021:9e-05,0.00026,0,0.00032,0.00023:0.00012,0.00026,0.00012,0,0.00024:0.00013,0.00027,1e-04,0.00029,0	0.004251,0.009729,0.004057,0.011294,0.007832	39.37355904,0,44.81228785,13.23975403,10.13950543	0.566402	100	100	32507	188
sim196	0,1,0,0,0	3.65072,3.65072,3.65072,3.65072,3.65072	1000000,1000000,1000000,1000000,1000000	0.000000116530,0.000000116530,0.000000116530,0.000000116530,0.000000116530	.02740	.00452,.00452,.00452,.00452,.00452	499	.00284	100.00000978	499	15.65044185	0,0.00023,5e-05,3e-05,3e-05:4e-05,0,4e-05,4e-05,4e-05:4e-05,0.00019,0,4e-05,3e-05:6e-05,0.00019,4e-05,0,3e-05:5e-05,0.00019,6e-05,5e-05,0	0.002138,0.00841,0.001929,0.001769,0.001454	28.57997162,0,33.40855203,42.37114496,29.17625963	0.689227	100	100	11395	85
sim198	1,0,0,0,0	3.71606,3.71606,3.71606,3.71606,3.71606	1000000,1000000,1000000,1000000,1000000	0.000000104755,0.000000104755,0.000000104755,0.000000104755,0.000000104755	.02562	.00257,.00257,.00257,.00257,.00257	499	.00118	100.00000974	91	17.33803045	0,1e-05,0,0,0:3e-05,0,0,0,0:2e-05,0,0,0,0:3e-05,0,0,0,0:3e-05,0,0,0,0	0.002501,0.000143,7.5e-05,5e-05,0.000104	0,39.50363487,69.80422148,67.63592614,57.09304083	1	100	100	2087	30
sim201	0,1,0,0,0	4.22258,4.22258,4.22258,4.22258,4.22258	1000000,1000000,1000000,1000000,1000000	0.000000128746,0.000000128746,0.000000128746,0.000000128746,0.000000128746	.02916	.00133,.00133,.00133,.00133,.00133	499	.00031	100.00000996	499	19.12696329	0,0.00014,0,0,0:0,0,0,0,0:0,0.00013,0,0,0:0,0.00015,0,0,0:0,0.00016,1e-05,0,0	0.000676,0.057352,0.001349,0.00107,0.000447	52.20849908,0,41.34443562,47.30721785,58.80354552	0.457798	100	100	46017	206
sim202	0,0,0,1,0	3.20354,3.20354,3.20354,3.20354,3.20354	1000000,1000000,1000000,1000000,1000000	0.000000112316,0.000000112316,0.000000112316,0.000000112316,0.000000112316	.03213	.00293,.00293,.00293,.00293,.00293	499	.00333	100.00000997	322	14.66068440	0,5e-05,3e-05,1e-04,4e-05:3e-05,0,2e-05,1e-04,3e-05:4e-05,4e-05,0,9e-05,3e-05:5e-05,4e-05,2e-05,0,5e-05:5e-05,5e-05,3e-05,0.00011,0	0.001736,0.001482,0.001021,0.003632,0.001372	29.41313095,30.78526994,34.32434841,0,30.70334134	1	100	100	6469	65
sim205	0,0,0,0,1	5.03540,5.03540,5.03540,5.03540,5.03540	1000000,1000000,1000000,1000000,1000000	0.000000103628,0.000000103628,0.000000103628,0.000000103628,0.000000103628	.01775	.00283,.00283,.00283,.00283,.00283	499	.00488	100.00000931	58	46.48209646	0,1e-05,0,0,4e-05:1e-05,0,1e-05,1e-05,5e-05:1e-05,1e-05,0,0,3e-05:0,1e-05,0,0,4e-05:1e-05,1e-05,1e-05,1e-05,0	0.000117,0.000209,0.000135,9.8e-05,0.000869	55.39122999,58.42509004,57.21684465,41.24431516,0	1	100	100	1132	9
sim208	0,0,0,0,1	2.78240,2.78240,2.78240,2.78240,2.78240	1000000,1000000,1000000,1000000,1000000	0.000000146910,0.000000146910,0.000000146910,0.000000146910,0.000000146910	.04982	.00298,.00298,.00298,.00298,.00298	499	.00396	100.00000961	110	13.50127457	0,1e-05,1e-05,1e-05,7e-05:1e-05,0,1e-05,1e-05,7e-05:2e-05,1e-05,0,1e-05,7e-05:2e-05,1e-05,1e-05,0,7e-05:1e-05,2e-05,1e-05,1e-05,0	0.000464,0.000564,0.000337,0.00027,0.002483	58.03054169,55.63363594,49.83816512,65.49265323,0	1	100	100	2649	24
sim214	0,0,1,0,0	6.07874,6.07874,6.07874,6.07874,6.07874	1000000,1000000,1000000,1000000,1000000	0.000000139628,0.000000139628,0.000000139628,0.000000139628,0.000000139628	.02148	.00149,.00149,.00149,.00149,.00149	499	.00439	100.00000986	328	19.38967993	0,8e-05,0.00023,7e-05,1e-04:0.00013,0,0.00022,7e-05,1e-04:0.00013,8e-05,0,7e-05,9e-05:0.00012,6e-05,0.00022,0,1e-04:1e-04,7e-05,0.00021,8e-05,0	0.003633,0.002442,0.00697,0.002543,0.003053	40.87034902,30.70849359,0,51.00095395,28.69130092	1	100	100	15593	145
sim226	1,0,0,0,0	2.74304,2.74304,2.74304,2.74304,2.74304	1000000,1000000,1000000,1000000,1000000	0.000000119267,0.000000119267,0.000000119267,0.000000119267,0.000000119267	.04313	.00035,.00035,.00035,.00035,.00035	499	.00234	100.00000816	32	16.42115330	0,0,1e-05,4e-05,1e-05:2e-05,0,1e-05,4e-05,1e-05:2e-05,1e-05,0,3e-05,1e-05:2e-05,0,1e-05,0,2e-05:3e-05,0,0,4e-05,0	0.001435,0.000205,0.000385,0.00152,0.000694	0,54.65779035,27.80730704,20.8252538,35.29320256	1	100	100	2686	24
sim229	0,0,1,0,0	2.94626,2.94626,2.94626,2.94626,2.94626	1000000,1000000,1000000,1000000,1000000	0.000000148874,0.000000148874,0.000000148874,0.000000148874,0.000000148874	.04714	.00339,.00339,.00339,.00339,.00339	499	.00151	100.00000991	499	15.15388907	0,2e-05,0.00028,3e-05,3e-05:1e-05,0,0.00027,3e-05,3e-05:1e-05,1e-05,0,3e-05,3e-05:1e-05,3e-05,0.00028,0,3e-05:2e-05,2e-05,0.00025,3e-05,0	0.001553,0.002368,0.026753,0.002852,0.003024	44.52576594,43.69863724,0,25.38166905,43.84499437	0.467666	100	100	24011	111
sim231	0,0,1,0,0	3.38486,3.38486,3.38486,3.38486,3.38486	1000000,1000000,1000000,1000000,1000000	0.000000104422,0.000000104422,0.000000104422,0.000000104422,0.000000104422	.02682	.00403,.00403,.00403,.00403,.00403	499	.00367	100.00000993	91	16.60892764	0,1e-05,3e-05,0,0:0,0,4e-05,0,1e-05:0,1e-05,0,1e-05,1e-05:0,1e-05,4e-05,0,0:0,0,4e-05,0,0	8.6e-05,0.000179,0.001278,0.000122,0.000181	59.65344532,32.37355846,0,27.74668107,41.12414148	1	100	100	1294	21
sim234	0,1,0,0,0	5.76014,5.76014,5.76014,5.76014,5.76014	1000000,1000000,1000000,1000000,1000000	0.000000113071,0.000000113071,0.000000113071,0.000000113071,0.000000113071	.01493	.00470,.00470,.00470,.00470,.00470	499	.00254	100.00000999	499	15.19010216	0,2e-04,7e-05,5e-05,3e-05:4e-05,0,6e-05,4e-05,4e-05:4e-05,2e-04,0,4e-05,3e-05:4e-05,2e-04,5e-05,0,3e-05:5e-05,0.00023,5e-05,5e-05,0	0.001947,0.009395,0.002494,0.002039,0.00131	24.04932084,0,34.9805295,21.59340985,47.90982652	0.587059	100	100	14248	88
sim236	0,0,0,0,1	7.52738,7.52738,7.52738,7.52738,7.52738	1000000,1000000,1000000,1000000,1000000	0.000000103802,0.000000103802,0.000000103802,0.000000103802,0.000000103802	.01146	.00233,.00233,.00233,.00233,.00233	499	.00464	100.00000929	108	20.91820678	0,2e-05,2e-05,1e-05,5e-05:2e-05,0,2e-05,2e-05,5e-05:2e-05,2e-05,0,2e-05,4e-05:3e-05,3e-05,2e-05,0,5e-05:1e-05,3e-05,2e-05,2e-05,0	0.000454,0.000555,0.000454,0.000336,0.000981	45.02690577,32.39504675,16.61975692,58.52555738,0	1	100	100	2393	35
sim247	1,0,0,0,0	3.16400,3.16400,3.16400,3.16400,3.16400	1000000,1000000,1000000,1000000,1000000	0.000000159339,0.000000159339,0.000000159339,0.000000159339,0.000000159339	.04590	.00446,.00446,.00446,.00446,.00446	499	.00398	100.00000999	464	12.20570099	0,4e-05,3e-05,5e-05,3e-05:0.00017,0,3e-05,4e-05,4e-05:0.00017,5e-05,0,5e-05,4e-05:0.00017,5e-05,2e-05,0,4e-05:0.00017,4e-05,3e-05,4e-05,0	0.006844,0.001513,0.001076,0.002027,0.00166	0,33.5793406,15.40339318,41.80304949,30.89331767	1	100	100	8843	88
sim252	1,0,0,0,0	4.73930,4.73930,4.73930,4.73930,4.73930	1000000,1000000,1000000,1000000,1000000	0.000000079572,0.000000079572,0.000000079572,0.000000079572,0.000000079572	.01361	.00318,.00318,.00318,.00318,.00318	499	.00364	100.00000996	201	18.95322680	0,3e-05,3e-05,2e-05,1e-05:9e-05,0,3e-05,2e-05,3e-05:9e-05,3e-05,0,3e-05,2e-05:8e-05,4e-05,3e-05,0,2e-05:9e-05,4e-05,2e-05,2e-05,0	0.001827,0.000637,0.000682,0.000513,0.000505	0,16.20461996,26.28875749,26.96304768,25.42189628	1	100	100	3274	37
sim253	0,0,1,0,0	5.55452,5.55452,5.55452,5.55452,5.55452	1000000,1000000,1000000,1000000,1000000	0.000000105258,0.000000105258,0.000000105258,0.000000105258,0.000000105258	.01738	.00157,.00157,.00157,.00157,.00157	499	.00468	100.00000995	146	18.63041573	0,7e-05,0.00011,4e-05,4e-05:3e-05,0,1e-04,5e-05,5e-05:4e-05,6e-05,0,3e-05,5e-05:4e-05,7e-05,1e-04,0,3e-05:3e-05,6e-05,0.00011,5e-05,0	0.000751,0.001545,0.002346,0.001057,0.000971	5.59618462,35.07789813,0,42.19530229,43.61979959	1	100	100	5459	49
sim256	0,0,1,0,0	2.40338,2.40338,2.40338,2.40338,2.40338	1000000,1000000,1000000,1000000,1000000	0.000000112718,0.000000112718,0.000000112718,0.000000112718,0.000000112718	.04322	.00368,.00368,.00368,.00368,.00368	499	.00042	100.00000652	52	50.02361815	0,0,1e-05,0,0:0,0,0,0,0:0,0,0,0,0:0,0,0,0,0:0,0,0,0,0	2e-06,4e-06,0.000892,3e-06,1e-06	80.62385172,57.68266624,0,71.41610161,70.82132282	1	100	100	504	3
sim260	1,0,0,0,0	4.12808,4.12808,4.12808,4.12808,4.12808	1000000,1000000,1000000,1000000,1000000	0.000000102169,0.000000102169,0.000000102169,0.000000102169,0.000000102169	.02098	.00377,.00377,.00377,.00377,.00377	499	.00342	100.00000984	304	15.56207079	0,2e-05,1e-05,4e-05,2e-05:0.00013,0,1e-05,3e-05,3e-05:0.00011,2e-05,0,3e-05,2e-05:0.00012,2e-05,1e-05,0,3e-05:0.00014,3e-05,2e-05,3e-05,0	0.003614,0.000637,0.000553,0.001015,0.000867	0,30.95154953,40.14876162,29.7174332,12.73941466	1	100	100	5118	50
sim261	0,0,0,0,1	2.46086,2.46086,2.46086,2.46086,2.46086	1000000,1000000,1000000,1000000,1000000	0.000000123904,0.000000123904,0.000000123904,0.000000123904,0.000000123904	.04913	.00122,.00122,.00122,.00122,.00122	499	.00186	100.00000969	63	20.38985879	0,1e-05,1e-05,0,4e-05:0,0,1e-05,1e-05,5e-05:0,1e-05,0,1e-05,4e-05:0,1e-05,0,0,4e-05:0,1e-05,1e-05,0,0	0.000205,0.000634,0.000341,0.000279,0.003273	51.24057078,36.01336859,28.16506707,38.5333324,0	1	100	100	2849	22
sim268	0,1,0,0,0	2.44568,2.44568,2.44568,2.44568,2.44568	1000000,1000000,1000000,1000000,1000000	0.000000124509,0.000000124509,0.000000124509,0.000000124509,0.000000124509	.04940	.00151,.00151,.00151,.00151,.00151	499	.00287	100.00000846	75	19.10569144	0,4e-05,1e-05,1e-05,3e-05:1e-05,0,0,1e-05,3e-05:1e-05,4e-05,0,1e-05,2e-05:2e-05,5e-05,0,0,2e-05:2e-05,4e-05,0,1e-05,0	0.000695,0.001786,0.000116,0.000357,0.001135	17.55189213,0,29.69093995,43.9110767,29.37650383	1	100	100	2403	25
sim282	0,0,0,1,0	5.93486,5.93486,5.93486,5.93486,5.93486	1000000,1000000,1000000,1000000,1000000	0.000000109498,0.000000109498,0.000000109498,0.000000109498,0.000000109498	.01472	.00373,.00373,.00373,.00373,.00373	499	.00040	100.00000970	391	14.80596623	0,0,0,1e-05,1e-05:1e-05,0,0,1e-05,1e-05:1e-05,0,0,2e-05,1e-05:1e-05,0,0,0,0:1e-05,0,0,2e-05,0	0.002654,0.000383,0.000304,0.004087,0.001603	27.56552641,47.43387393,49.21978118,0,19.71127212	1	100	100	7494	57
sim285	1,0,0,0,0	5.92640,5.92640,5.92640,5.92640,5.92640	1000000,1000000,1000000,1000000,1000000	0.000000109697,0.000000109697,0.000000109697,0.000000109697,0.000000109697	.01626	.00225,.00225,.00225,.00225,.00225	499	.00303	100.00000994	292	19.70974365	0,4e-05,3e-05,6e-05,3e-05:0.00012,0,4e-05,4e-05,2e-05:0.00014,5e-05,0,6e-05,2e-05:0.00012,4e-05,4e-05,0,2e-05:0.00014,4e-05,3e-05,5e-05,0	0.004488,0.00135,0.001271,0.001746,0.001112	0,26.92845584,28.89865389,19.3271765,38.08916584	1	100	100	8272	69
sim291	0,0,0,1,0	4.59650,4.59650,4.59650,4.59650,4.59650	1000000,1000000,1000000,1000000,1000000	0.000000085586,0.000000085586,0.000000085586,0.000000085586,0.000000085586	.01714	.00148,.00148,.00148,.00148,.00148	499	.00156	100.00000944	50	19.07832341	0,0,0,2e-05,0:0,0,0,3e-05,0:0,0,0,2e-05,0:0,0,0,0,0:0,0,0,3e-05,0	9.4e-05,7.6e-05,6.7e-05,0.001329,0.000248	50.53657354,51.65288347,62.11738797,0,36.92907385	1	100	100	1427	10
sim296	0,1,0,0,0	5.14052,5.14052,5.14052,5.14052,5.14052	1000000,1000000,1000000,1000000,1000000	0.000000075822,0.000000075822,0.000000075822,0.000000075822,0.000000075822	.01301	.00174,.00174,.00174,.00174,.00174	499	.00192	100.00000800	36	21.22057743	0,1e-05,0,0,0:0,0,0,0,1e-05:0,1e-05,0,0,1e-05:0,1e-05,0,0,1e-05:0,1e-05,0,0,0	8.9e-05,0.000425,3.4e-05,0.00011,0.000417	50.66386819,0,58.77483851,26.51768491,14.22815211	1	100	100	890	11
sim297	0,1,0,0,0	4.24070,4.24070,4.24070,4.24070,4.24070	1000000,1000000,1000000,1000000,1000000	0.000000168991,0.000000168991,0.000000168991,0.000000168991,0.000000168991	.03864	.00121,.00121,.00121,.00121,.00121	499	.00144	100.00000999	478	16.86990607	0,0.00025,1e-05,2e-05,1e-05:1e-05,0,2e-05,2e-05,1e-05:1e-05,0.00023,0,1e-05,1e-05:1e-05,0.00018,1e-05,0,0:1e-05,0.00022,1e-05,1e-05,0	0.001582,0.025851,0.00163,0.001615,0.001284	55.64005449,0,54.27188417,28.71347022,29.5992203	1	100	100	24301	242
sim303	0,0,0,1,0	6.73064,6.73064,6.73064,6.73064,6.73064	1000000,1000000,1000000,1000000,1000000	0.000000080161,0.000000080161,0.000000080161,0.000000080161,0.000000080161	.01006	.00185,.00185,.00185,.00185,.00185	499	.00486	100.00000879	22	30.69351332	0,1e-05,1e-05,2e-05,2e-05:0,0,1e-05,1e-05,2e-05:1e-05,1e-05,0,2e-05,2e-05:0,1e-05,1e-05,0,2e-05:0,1e-05,1e-05,2e-05,0	0.000118,0.000139,0.000142,0.000201,0.000357	49.37323542,3.3381846,50.10432621,0,22.78172775	1	100	100	828	5
sim309	0,1,0,0,0	3.65894,3.65894,3.65894,3.65894,3.65894	1000000,1000000,1000000,1000000,1000000	0.000000119647,0.000000119647,0.000000119647,0.000000119647,0.000000119647	.03207	.00063,.00063,.00063,.00063,.00063	499	.00038	100.00000992	224	21.93886891	0,3e-05,0,0,0:0,0,0,0,0:0,3e-05,0,0,0:0,4e-05,0,0,0:0,5e-05,0,0,0	0.00027,0.013665,0.000945,0.000182,0.000167	44.64561483,0,49.73354058,56.09631438,59.15868844	1	100	100	11099	129
sim312	1,0,0,0,0	2.58356,2.58356,2.58356,2.58356,2.58356	1000000,1000000,1000000,1000000,1000000	0.000000123054,0.000000123054,0.000000123054,0.000000123054,0.000000123054	.04676	.00087,.00087,.00087,.00087,.00087	499	.00317	100.00000987	103	20.22506622	0,1e-05,2e-05,2e-05,1e-05:0.00012,0,2e-05,2e-05,2e-05:0.00013,1e-05,0,3e-05,1e-05:0.00014,1e-05,2e-05,0,2e-05:0.00012,2e-05,2e-05,2e-05,0	0.005289,0.000734,0.000898,0.000802,0.000622	0,12.70433302,46.88449832,40.57646547,51.44546787	1	100	100	5071	43
sim314	0,0,0,0,1	5.23520,5.23520,5.23520,5.23520,5.23520	1000000,1000000,1000000,1000000,1000000	0.000000131769,0.000000131769,0.000000131769,0.000000131769,0.000000131769	.02350	.00167,.00167,.00167,.00167,.00167	499	.00105	100.00000997	350	13.88467899	0,1e-05,0,3e-05,9e-05:0,0,0,3e-05,9e-05:1e-05,1e-05,0,3e-05,1e-04:0,0,0,0,9e-05:0,0,0,2e-05,0	0.000666,0.000728,0.000466,0.003968,0.011783	56.94568269,47.99345968,45.35620684,30.72726404,0	1	100	100	14318	133
sim317	0,0,0,0,1	3.30206,3.30206,3.30206,3.30206,3.30206	1000000,1000000,1000000,1000000,1000000	0.000000076310,0.000000076310,0.000000076310,0.000000076310,0.000000076310	.01845	.00466,.00466,.00466,.00466,.00466	499	.00160	100.00000678	52	15.10349617	0,0,0,0,1e-05:0,0,0,0,1e-05:0,0,0,0,1e-05:0,0,0,0,1e-05:0,0,0,0,0	3.7e-05,2.8e-05,4.3e-05,5e-06,0.000556	59.64775162,60.55861769,68.79553226,56.98707257,0	1	100	100	480	6
sim318	1,0,0,0,0	2.53706,2.53706,2.53706,2.53706,2.53706	1000000,1000000,1000000,1000000,1000000	0.000000096433,0.000000096433,0.000000096433,0.000000096433,0.000000096433	.03340	.00461,.00461,.00461,.00461,.00461	499	.00355	100.00000922	49	14.66824694	0,0,1e-05,0,1e-05:1e-05,0,0,0,1e-05:0,0,0,1e-05,1e-05:0,0,0,0,1e-05:1e-05,0,0,1e-05,0	0.000156,4.2e-05,6.4e-05,0.000156,0.000406	0,4.74196587,57.97196148,4.8514094,4.84125891	1	100	100	464	2
sim323	0,0,1,0,0	3.49436,3.49436,3.49436,3.49436,3.49436	1000000,1000000,1000000,1000000,1000000	0.000000126740,0.000000126740,0.000000126740,0.000000126740,0.000000126740	.03146	.00481,.00481,.00481,.00481,.00481	499	.00293	100.00000904	338	12.54126918	0,2e-05,9e-05,2e-05,2e-05:1e-05,0,0.00011,1e-05,3e-05:1e-05,1e-05,0,2e-05,2e-05:1e-05,2e-05,7e-05,0,2e-05:1e-05,2e-05,9e-05,1e-05,0	0.000398,0.000714,0.003961,0.000873,0.000811	42.11349405,27.53789606,0,40.3043061,38.54364615	1	100	100	4811	47
sim325	0,0,0,1,0	6.01724,6.01724,6.01724,6.01724,6.01724	1000000,1000000,1000000,1000000,1000000	0.000000090017,0.000000090017,0.000000090017,0.000000090017,0.000000090017	.01188	.00308,.00308,.00308,.00308,.00308	499	.00351	100.00000988	21	13.57500144	0,0,0,1e-05,0:0,0,0,1e-05,0:1e-05,0,0,1e-05,0:0,0,0,0,0:0,0,0,2e-05,0	7.6e-05,5.6e-05,4.2e-05,0.000333,4.6e-05	44.80443868,67.51645841,63.93977581,0,57.15127501	1	100	100	469	7
sim327	0,0,1,0,0	3.45842,3.45842,3.45842,3.45842,3.45842	1000000,1000000,1000000,1000000,1000000	0.000000134532,0.000000134532,0.000000134532,0.000000134532,0.000000134532	.03393	.00497,.00497,.00497,.00497,.00497	499	.00067	100.00000986	499	16.52349182	0,0,9e-05,8e-05,0:1e-05,0,9e-05,7e-05,2e-05:0,0,0,6e-05,1e-05:1e-05,1e-05,0.00011,0,0:0,0,0.00011,6e-05,0	0.001151,0.001132,0.020481,0.012796,0.001353	49.81726851,53.34966352,0,14.05951434,34.42481874	0.308978	100	100	26248	74
sim329	1,0,0,0,0	6.33914,6.33914,6.33914,6.33914,6.33914	1000000,1000000,1000000,1000000,1000000	0.000000137115,0.000000137115,0.000000137115,0.000000137115,0.000000137115	.01827	.00336,.00336,.00336,.00336,.00336	499	.00101	100.00000991	499	17.32347611	0,8e-05,3e-05,4e-05,2e-05:0.00026,0,3e-05,3e-05,2e-05:0.00026,6e-05,0,2e-05,2e-05:3e-04,8e-05,2e-05,0,2e-05:0.00028,7e-05,3e-05,4e-05,0	0.037258,0.009223,0.00357,0.004766,0.003315	0,25.42825009,45.90514845,33.59200454,52.42985708	0.264021	100	100	48834	128
sim331	1,0,0,0,0	2.79944,2.79944,2.79944,2.79944,2.79944	1000000,1000000,1000000,1000000,1000000	0.000000118640,0.000000118640,0.000000118640,0.000000118640,0.000000118640	.04062	.00176,.00176,.00176,.00176,.00176	499	.00110	100.00000999	175	17.47371935	0,0,0,0,1e-05:5e-05,0,0,0,1e-05:5e-05,0,0,0,2e-05:7e-05,0,0,0,1e-05:7e-05,0,0,0,0	0.005876,0.00028,0.000198,0.000232,0.001114	0,50.14813565,59.00967061,45.35629172,28.48803196	1	100	100	4961	60
sim332	0,0,0,0,1	7.15658,7.15658,7.15658,7.15658,7.15658	1000000,1000000,1000000,1000000,1000000	0.000000105774,0.000000105774,0.000000105774,0.000000105774,0.000000105774	.01081	.00397,.00397,.00397,.00397,.00397	499	.00102	100.00000999	499	15.92514078	0,1e-05,0,2e-05,8e-05:0,0,0,1e-05,9e-05:1e-05,1e-05,0,2e-05,8e-05:1e-05,2e-05,0,0,9e-05:0,1e-05,0,1e-05,0	0.000618,0.001842,0.000431,0.001681,0.008636	45.78036591,28.91190738,57.77437967,31.92819116,0	0.803543	100	100	11366	93
sim335	1,0,0,0,0	6.81176,6.81176,6.81176,6.81176,6.81176	1000000,1000000,1000000,1000000,1000000	0.000000091890,0.000000091890,0.000000091890,0.000000091890,0.000000091890	.01260	.00089,.00089,.00089,.00089,.00089	499	.00208	100.00000826	26	21.33020369	0,2e-05,1e-05,0,0:1e-05,0,0,0,0:0,1e-05,0,0,0:1e-05,1e-05,1e-05,0,0:1e-05,1e-05,1e-05,0,0	0.000257,0.000743,0.000274,6.3e-05,5.5e-05	0,12.29080319,39.93812895,24.26985026,47.87064464	1	100	100	1162	14
sim336	0,1,0,0,0	3.34856,3.34856,3.34856,3.34856,3.34856	1000000,1000000,1000000,1000000,1000000	0.000000080700,0.000000080700,0.000000080700,0.000000080700,0.000000080700	.02163	.00247,.00247,.00247,.00247,.00247	499	.00216	100.00000943	51	19.50874634	0,0,0,0,0:1e-05,0,0,0,0:1e-05,0,0,0,1e-05:1e-05,1e-05,0,0,0:1e-05,1e-05,0,0,0	0.000327,0.000381,2e-05,9.4e-05,0.000117	17.18041996,0,33.36772097,43.93366472,46.28639802	1	100	100	667	6
sim338	1,0,0,0,0	3.68204,3.68204,3.68204,3.68204,3.68204	1000000,1000000,1000000,1000000,1000000	0.000000113517,0.000000113517,0.000000113517,0.000000113517,0.000000113517	.02692	.00391,.00391,.00391,.00391,.00391	499	.00121	100.00000987	271	16.18412083	0,0,0,1e-05,0:6e-05,0,0,1e-05,0:4e-05,0,0,1e-05,0:6e-05,1e-05,0,0,0:5e-05,0,0,1e-05,0	0.00457,0.000383,0.000185,0.00094,0.000193	0,43.48972455,46.72026724,46.31592594,52.52318003	1	100	100	4505	44
sim340	0,0,1,0,0	7.28036,7.28036,7.28036,7.28036,7.28036	1000000,1000000,1000000,1000000,1000000	0.000000116776,0.000000116776,0.000000116776,0.000000116776,0.000000116776	.01250	.00354,.00354,.00354,.00354,.00354	499	.00196	100.00000999	499	14.08588637	0,2e-05,0.00017,2e-05,1e-05:1e-05,0,0.00016,2e-05,2e-05:1e-05,2e-05,0,2e-05,2e-05:1e-05,1e-05,0.00018,0,1e-05:1e-05,2e-05,0.00018,2e-05,0	0.000642,0.000855,0.009734,0.001477,0.000602	58.61560748,51.88102215,0,45.61855544,51.27206716	0.996008	100	100	11460	103
sim352	0,1,0,0,0	2.31032,2.31032,2.31032,2.31032,2.31032	1000000,1000000,1000000,1000000,1000000	0.000000089594,0.000000089594,0.000000089594,0.000000089594,0.000000089594	.03541	.00337,.00337,.00337,.00337,.00337	499	.00070	100.00000588	27	20.03808517	0,0,0,0,0:0,0,0,0,0:0,0,0,0,0:0,0,0,0,0:0,1e-05,0,0,0	7e-06,0.000457,6.8e-05,0,3.3e-05	46.41000089,0,39.9602794,99.58056995,66.73408925	1	100	100	295	1
sim355	0,0,0,0,1	2.67086,2.67086,2.67086,2.67086,2.67086	1000000,1000000,1000000,1000000,1000000	0.000000126839,0.000000126839,0.000000126839,0.000000126839,0.000000126839	.04408	.00341,.00341,.00341,.00341,.00341	499	.00048	100.00000933	99	13.91249860	0,0,0,0,1e-05:0,0,0,0,2e-05:0,0,0,0,1e-05:0,0,0,0,1e-05:0,0,0,0,0	7e-06,6.6e-05,8e-06,7.1e-05,0.003097	66.77877338,57.35292364,60.78510749,61.46152282,0	1	100	100	2034	17
sim360	0,0,0,0,1	4.13780,4.13780,4.13780,4.13780,4.13780	1000000,1000000,1000000,1000000,1000000	0.000000120492,0.000000120492,0.000000120492,0.000000120492,0.000000120492	.02647	.00265,.00265,.00265,.00265,.00265	499	.00274	100.00000990	499	17.73314485	0,7e-05,0.00013,7e-05,0.00035:6e-05,0,9e-05,7e-05,0.00036:7e-05,6e-05,0,7e-05,0.00035:8e-05,8e-05,0.00011,0,0.00036:8e-05,5e-05,0.00011,8e-05,0	0.003043,0.00272,0.004922,0.003655,0.015327	9.56924604,29.30361892,8.4651324,39.15249362,0	0.559417	100	100	22489	123
sim362	0,1,0,0,0	2.86406,2.86406,2.86406,2.86406,2.86406	1000000,1000000,1000000,1000000,1000000	0.000000100328,0.000000100328,0.000000100328,0.000000100328,0.000000100328	.03358	.00145,.00145,.00145,.00145,.00145	499	.00375	100.00000755	38	21.61517563	0,4e-05,1e-05,1e-05,1e-05:1e-05,0,1e-05,1e-05,1e-05:0,2e-05,0,1e-05,2e-05:1e-05,4e-05,1e-05,0,1e-05:1e-05,3e-05,0,1e-05,0	0.000238,0.000907,0.00026,0.000289,0.000398	28.91194351,0,28.93711937,45.67133179,28.26103976	1	100	100	1342	6
sim368	0,0,0,1,0	4.36394,4.36394,4.36394,4.36394,4.36394	1000000,1000000,1000000,1000000,1000000	0.000000104996,0.000000104996,0.000000104996,0.000000104996,0.000000104996	.02319	.00087,.00087,.00087,.00087,.00087	499	.00414	100.00000986	58	21.58384625	0,2e-05,2e-05,7e-05,1e-05:4e-05,0,1e-05,5e-05,2e-05:4e-05,2e-05,0,6e-05,2e-05:3e-05,1e-05,2e-05,0,2e-05:4e-05,1e-05,2e-05,6e-05,0	0.001061,0.000329,0.000474,0.001589,0.000537	23.64780894,58.77733705,29.22938968,0,44.33772782	1	100	100	3103	32
sim372	0,0,1,0,0	5.55416,5.55416,5.55416,5.55416,5.55416	1000000,1000000,1000000,1000000,1000000	0.000000083867,0.000000083867,0.000000083867,0.000000083867,0.000000083867	.01185	.00325,.00325,.00325,.00325,.00325	499	.00117	100.00000757	50	19.40174084	0,0,1e-05,0,0:0,0,1e-05,0,0:0,0,0,0,0:0,0,1e-05,0,0:0,0,1e-05,0,0	4.9e-05,2.7e-05,0.000811,1e-06,2.8e-05	60.6169122,58.50849415,0,50.19311045,62.68305945	1	100	100	758	4
sim373	0,0,0,0,1	5.69186,5.69186,5.69186,5.69186,5.69186	1000000,1000000,1000000,1000000,1000000	0.000000126359,0.000000126359,0.000000126359,0.000000126359,0.000000126359	.01997	.00223,.00223,.00223,.00223,.00223	499	.00050	100.00000994	499	17.96365843	0,0,0,0,8e-05:0,0,0,0,8e-05:0,0,0,0,7e-05:0,0,0,0,8e-05:0,0,1e-05,0,0	0.000419,0.000418,0.001173,0.000438,0.019137	50.88040386,35.84170132,32.48800632,64.26514998,0	0.939736	100	100	17675	136
sim374	0,1,0,0,0	4.09550,4.09550,4.09550,4.09550,4.09550	1000000,1000000,1000000,1000000,1000000	0.000000094360,0.000000094360,0.000000094360,0.000000094360,0.000000094360	.01952	.00352,.00352,.00352,.00352,.00352	499	.00192	100.00000990	167	18.83707050	0,5e-05,1e-05,1e-05,0:1e-05,0,1e-05,1e-05,1e-05:0,5e-05,0,1e-05,0:1e-05,5e-05,1e-05,0,0:1e-05,6e-05,1e-05,2e-05,0	0.000424,0.002938,0.000299,0.000531,0.000194	44.31903158,0,16.04494547,20.18277598,43.05255068	1	100	100	3376	29
sim375	0,0,0,0,1	3.25280,3.25280,3.25280,3.25280,3.25280	1000000,1000000,1000000,1000000,1000000	0.000000132649,0.000000132649,0.000000132649,0.000000132649,0.000000132649	.03716	.00362,.00362,.00362,.00362,.00362	499	.00023	100.00000995	499	15.18814507	0,0,0,0,3e-05:0,0,0,0,4e-05:0,0,0,0,4e-05:0,0,0,0,4e-05:0,0,0,0,0	5.3e-05,5.4e-05,0.000189,0.000166,0.021086	32.44136309,73.21497971,50.65338072,54.44814289,0	0.677989	100	100	14895	96
sim377	0,0,0,1,0	6.70022,6.70022,6.70022,6.70022,6.70022	1000000,1000000,1000000,1000000,1000000	0.000000130319,0.000000130319,0.000000130319,0.000000130319,0.000000130319	.01723	.00222,.00222,.00222,.00222,.00222	499	.00183	100.00000985	499	15.88047734	0,3e-05,3e-05,0.00028,4e-05:4e-05,0,3e-05,3e-04,4e-05:4e-05,4e-05,0,0.00027,4e-05:3e-05,4e-05,4e-05,0,4e-05:4e-05,4e-05,3e-05,0.00029,0	0.002947,0.00249,0.002377,0.020697,0.002897	41.54616569,39.70142673,38.67068351,0,40.86538466	0.647211	100	100	26688	172
sim378	0,0,0,0,1	5.27126,5.27126,5.27126,5.27126,5.27126	1000000,1000000,1000000,1000000,1000000	0.000000068315,0.000000068315,0.000000068315,0.000000068315,0.000000068315	.01040	.00256,.00256,.00256,.00256,.00256	499	.00437	100.00000869	22	19.92204748	0,1e-05,0,0,1e-05:0,0,1e-05,0,1e-05:0,1e-05,0,0,2e-05:0,0,0,0,1e-05:1e-05,1e-05,1e-05,0,0	5.7e-05,7.1e-05,6.4e-05,3.8e-05,0.000192	53.1962488,39.91430696,53.99879691,60.68473897,0	1	100	100	353	4
sim380	0,0,0,0,1	4.28024,4.28024,4.28024,4.28024,4.28024	1000000,1000000,1000000,1000000,1000000	0.000000110472,0.000000110472,0.000000110472,0.000000110472,0.000000110472	.02481	.00100,.00100,.00100,.00100,.00100	499	.00359	100.00000989	70	22.69931435	0,1e-05,1e-05,2e-05,7e-05:1e-05,0,1e-05,1e-05,6e-05:1e-05,1e-05,0,2e-05,6e-05:1e-05,1e-05,1e-05,0,6e-05:1e-05,0,1e-05,2e-05,0	0.000351,0.000216,0.000316,0.000515,0.002088	35.53667387,48.84735421,37.50709127,46.46157504,0	1	100	100	2699	37
