mean_branch_length 
19.43358861
16.48422353
17.05858472
17.46927343
15.80105725
14.97847333
19.59396233
18.71929063
15.56108675
18.91261363
15.81511290
16.39993645
13.92355974
16.20280798
12.50244916
12.47464269
20.22589233
17.70291648
20.49343960
17.60542349
28.31606780
25.28431432
19.65942914
16.34172874
16.40978926
17.23832616
17.35784785
13.50132201
17.46833769
18.83981010
15.43344196
11.17300324
16.22642030
17.03922792
20.99004152
18.79490583
16.02527410
17.18117658
13.61100318
15.71635720
18.93883708
15.42893754
14.07223417
17.16524586
16.30891362
29.49548918
13.31056273
13.29758269
16.58655145
15.65044185
17.33803045
19.12696329
14.66068440
46.48209646
13.50127457
19.38967993
16.42115330
15.15388907
16.60892764
15.19010216
20.91820678
12.20570099
18.95322680
18.63041573
50.02361815
15.56207079
20.38985879
19.10569144
14.80596623
19.70974365
19.07832341
21.22057743
16.86990607
30.69351332
21.93886891
20.22506622
13.88467899
15.10349617
14.66824694
12.54126918
13.57500144
16.52349182
17.32347611
17.47371935
15.92514078
21.33020369
19.50874634
16.18412083
14.08588637
20.03808517
13.91249860
17.73314485
21.61517563
21.58384625
19.40174084
17.96365843
18.83707050
15.18814507
15.88047734
19.92204748
22.69931435
