sim_number	index_location_0	index_location_1	index_location_2	index_location_3	index_location_4	R_0_0	R_0_1	R_0_2	R_0_3	R_0_4	S_0_0	S_0_1	S_0_2	S_0_3	S_0_4	beta_0	beta_1	beta_2	beta_3	beta_4 	mu	sampling_rate_0	sampling_rate_1	sampling_rate_2	sampling_rate_3	sampling_rate_4	max_tips	mean_migration_rate	 tree_length	num_tips	mean_branch_length	loc0_imports_per_capita_from_0	loc0_imports_per_capita_from_1	loc0_imports_per_capita_from_2	loc0_imports_per_capita_from_3	loc0_imports_per_capita_from_4:loc1_imports_per_capita_from_0	loc1_imports_per_capita_from_1	loc1_imports_per_capita_from_2	loc1_imports_per_capita_from_3	loc1_imports_per_capita_from_4:loc2_imports_per_capita_from_0	loc2_imports_per_capita_from_1	loc2_imports_per_capita_from_2	loc2_imports_per_capita_from_3	loc2_imports_per_capita_from_4:loc3_imports_per_capita_from_0	loc3_imports_per_capita_from_1	loc3_imports_per_capita_from_2	loc3_imports_per_capita_from_3	loc3_imports_per_capita_from_4:loc4_imports_per_capita_from_0	loc4_imports_per_capita_from_1	loc4_imports_per_capita_from_2	loc4_imports_per_capita_from_3	loc4_imports_per_capita_from_4	 infections_per_capita_0	infections_per_capita_1	infections_per_capita_2	infections_per_capita_3	infections_per_capita_4	time_of_first_import_0	time_of_first_import_1	time_of_first_import_2	time_of_first_import_3	time_of_first_import_4	proportion_tips_sampled 	time_of_mass_sample	runtime	num_I_at_mass_sample_time	num_extant_sampled
sim8	0	0	0	0	1	2.67416	2.67416	2.67416	2.67416	2.67416	1000000	1000000	1000000	1000000	1000000	0.000000066693	0.000000065276	0.000000065918	0.000000069956	0.000000071105	.02419	.00075	.00022	.00046	.00197	.00240	499	.00131	100.00000756	20	18.34552653	0	0	0	0	0:0	0	0	0	1e-05:0	0	0	0	1e-05:0	0	0	0	0:0	0	0	0	0	1.6e-05	6e-06	6e-06	2e-06	0.000339	65.25407032	67.83251289	61.66390342	73.74679604	0	1	100	100	225	6
sim12	0	0	1	0	0	7.36496	7.36496	7.36496	7.36496	7.36496	1000000	1000000	1000000	1000000	1000000	0.000000106350	0.000000094787	0.000000092062	0.000000092724	0.000000100531	.01145	.00299	.00142	.00105	.00114	.00220	499	.00071	100.00000981	34	19.26238890	0	0	1e-05	0	0:0	0	0	0	0:0	0	0	0	0:0	0	0	0	0:0	0	1e-05	0	0	4.5e-05	2.1e-05	0.000884	1.6e-05	7.6e-05	65.32243589	66.65376025	0	64.77928419	51.01126011	1	100	100	880	11
sim15	0	0	0	1	0	3.40718	3.40718	3.40718	3.40718	3.40718	1000000	1000000	1000000	1000000	1000000	0.000000109302	0.000000105724	0.000000098535	0.000000104361	0.000000109540	.02843	.00365	.00260	.00049	.00220	.00372	499	.00412	100.00000600	37	14.80229129	0	1e-05	0	1e-05	1e-05:1e-05	0	0	1e-05	0:1e-05	0	0	1e-05	0:1e-05	0	0	0	0:1e-05	0	0	1e-05	0	0.000235	0.00012	5e-05	0.000258	7.8e-05	34.22633111	16.79441618	20.51686113	0	62.28497902	1	100	100	503	3
sim16	1	0	0	0	0	6.45632	6.45632	6.45632	6.45632	6.45632	1000000	1000000	1000000	1000000	1000000	0.000000099104	0.000000078508	0.000000080510	0.000000091163	0.000000102332	.01139	.00396	.00077	.00108	.00273	.00446	499	.00096	100.00000985	100	15.78678967	0	0	0	0	0:1e-05	0	0	0	1e-05:1e-05	0	0	0	1e-05:1e-05	0	0	0	0:1e-05	0	0	0	0	0.001273	0.000173	0.000212	4.5e-05	0.000611	0	29.44507838	33.76343082	59.81598684	17.60149943	1	100	100	1973	25
sim23	0	0	0	0	1	4.29746	4.29746	4.29746	4.29746	4.29746	1000000	1000000	1000000	1000000	1000000	0.000000102795	0.000000093727	0.000000106491	0.000000095360	0.000000109112	.02143	.00249	.00038	.00335	.00076	.00396	499	.00055	100.00000982	237	14.48067934	0	0	0	0	2e-05:0	0	0	0	2e-05:0	0	0	0	3e-05:0	0	0	0	3e-05:0	0	0	0	0	0.00018	4.9e-05	5.6e-05	0.000167	0.005561	29.61312289	46.96316045	52.35169091	24.04055402	0	1	100	100	4582	42
sim24	1	0	0	0	0	6.30068	6.30068	6.30068	6.30068	6.30068	1000000	1000000	1000000	1000000	1000000	0.000000131306	0.000000131243	0.000000143340	0.000000127399	0.000000145482	.01902	.00182	.00181	.00373	.00120	.00407	499	.00241	100.00000983	499	16.50835892	0	1e-04	0.00013	9e-05	0.00048:0.00026	0	0.00012	7e-05	0.00042:0.00024	1e-04	0	9e-05	0.00045:0.00025	0.00011	0.00013	0	0.00043:0.00024	1e-04	0.00011	8e-05	0	0.012895	0.005691	0.008267	0.005227	0.026236	0	19.8341209	38.75367439	32.91144755	9.50861844	0.295266	100	100	49062	137
sim27	0	0	0	0	1	4.82024	4.82024	4.82024	4.82024	4.82024	1000000	1000000	1000000	1000000	1000000	0.000000107732	0.000000107780	0.000000115637	0.000000101948	0.000000106912	.02101	.00134	.00135	.00298	.00014	.00117	499	.00393	100.00000994	499	19.85645565	0	0.00021	0.00029	0.00018	0.00042:0.00018	0	0.00032	0.00018	0.00045:0.00015	0.00019	0	0.00017	0.00045:0.00014	2e-04	0.00028	0	0.00043:0.00019	0.00022	3e-04	0.00018	0	0.004738	0.005331	0.008858	0.004831	0.011611	26.84661449	31.95874392	7.07148001	15.69896257	0	0.650587	100	100	27947	185
sim33	0	0	1	0	0	4.13084	4.13084	4.13084	4.13084	4.13084	1000000	1000000	1000000	1000000	1000000	0.000000091208	0.000000092613	0.000000076379	0.000000092985	0.000000081625	.01786	.00422	.00456	.00063	.00465	.00190	499	.00205	100.00000950	50	22.85069296	0	0	3e-05	0	1e-05:0	0	3e-05	1e-05	0:0	0	0	0	0:1e-05	1e-05	3e-05	0	0:0	0	3e-05	0	0	0.000184	0.000199	0.001159	0.000177	0.000169	40.37075338	17.47775734	0	46.79658361	42.88637067	1	100	100	1431	16
sim40	1	0	0	0	0	3.10616	3.10616	3.10616	3.10616	3.10616	1000000	1000000	1000000	1000000	1000000	0.000000141982	0.000000140243	0.000000143877	0.000000148505	0.000000149406	.04349	.00222	.00166	.00283	.00432	.00461	499	.00443	100.00000858	39	12.69739913	0	0	1e-05	1e-05	2e-05:0	0	1e-05	0	2e-05:0	1e-05	0	1e-05	2e-05:0	0	0	0	2e-05:0	0	0	1e-05	0	7.1e-05	7.4e-05	0.000153	0.000364	0.000725	0	51.00017664	72.3522075	41.94743288	2.92537318	1	100	100	975	10
sim41	0	0	0	0	1	6.78134	6.78134	6.78134	6.78134	6.78134	1000000	1000000	1000000	1000000	1000000	0.000000126065	0.000000140170	0.000000142069	0.000000124437	0.000000126404	.01725	.00134	.00342	.00370	.00110	.00139	499	.00391	100.00000995	296	14.15643100	0	4e-05	6e-05	4e-05	0.00012:9e-05	0	5e-05	3e-05	0.00013:7e-05	6e-05	0	5e-05	0.00014:8e-05	5e-05	6e-05	0	0.00014:8e-05	5e-05	6e-05	4e-05	0	0.002869	0.001783	0.002272	0.001244	0.004257	27.55676111	35.09936379	51.38081005	48.6351328	0	1	100	100	10595	102
sim46	0	1	0	0	0	4.88798	4.88798	4.88798	4.88798	4.88798	1000000	1000000	1000000	1000000	1000000	0.000000120390	0.000000116089	0.000000110370	0.000000118729	0.000000110517	.01966	.00497	.00409	.00292	.00463	.00295	499	.00483	100.00000973	177	12.75083918	0	7e-05	4e-05	3e-05	5e-05:2e-05	0	3e-05	3e-05	4e-05:1e-05	6e-05	0	2e-05	5e-05:2e-05	6e-05	3e-05	0	5e-05:2e-05	6e-05	4e-05	3e-05	0	0.000504	0.001749	0.00073	0.000563	0.001044	56.08949112	0	46.9396837	42.87301506	39.46821996	1	100	100	3704	37
sim49	0	1	0	0	0	5.15078	5.15078	5.15078	5.15078	5.15078	1000000	1000000	1000000	1000000	1000000	0.000000087717	0.000000107239	0.000000087717	0.000000095392	0.000000093126	.01691	.00012	.00391	.00012	.00161	.00117	499	.00318	100.00000982	139	15.32175418	0	7e-05	1e-05	1e-05	1e-05:1e-05	0	0	1e-05	1e-05:1e-05	7e-05	0	1e-05	1e-05:2e-05	8e-05	1e-05	0	1e-05:2e-05	7e-05	1e-05	0	0	0.000492	0.002469	0.000255	0.000326	0.000359	13.30159229	0	58.18769121	47.73843481	47.52170153	1	100	100	3099	36
sim52	0	0	0	0	1	5.49044	5.49044	5.49044	5.49044	5.49044	1000000	1000000	1000000	1000000	1000000	0.000000132319	0.000000150108	0.000000141653	0.000000130946	0.000000125401	.02266	.00144	.00468	.00314	.00119	.00018	499	.00103	100.00000918	23	17.90610723	0	0	0	0	1e-05:0	0	0	0	1e-05:0	0	0	0	1e-05:0	0	0	0	1e-05:0	0	0	0	0	3.8e-05	4.2e-05	7.4e-05	1.6e-05	0.001559	82.22752533	82.42305318	72.11772415	80.20948686	0	1	100	100	1409	13
sim55	0	0	0	1	0	3.77852	3.77852	3.77852	3.77852	3.77852	1000000	1000000	1000000	1000000	1000000	0.000000139049	0.000000154805	0.000000153596	0.000000139162	0.000000141278	.03620	.00060	.00477	.00445	.00063	.00119	499	.00202	100.00000998	499	17.56279188	0	0.00012	1e-04	0.00038	0.00013:0.00016	0	9e-05	0.00035	0.00012:0.00016	0.00012	0	0.00035	0.00013:0.00016	0.00014	1e-04	0	0.00011:0.00015	0.00013	9e-05	0.00037	0	0.010847	0.010097	0.00706	0.024172	0.009014	18.55526655	31.18423539	36.19522887	0	18.06238076	0.39761	100	100	44778	189
sim59	1	0	0	0	0	3.25334	3.25334	3.25334	3.25334	3.25334	1000000	1000000	1000000	1000000	1000000	0.000000105440	0.000000110060	0.000000117315	0.000000107230	0.000000118291	.03205	.00036	.00178	.00401	.00091	.00431	499	.00281	100.00000996	131	19.29538337	0	1e-05	2e-05	5e-05	2e-05:6e-05	0	1e-05	5e-05	2e-05:9e-05	1e-05	0	4e-05	2e-05:1e-04	1e-05	2e-05	0	2e-05:7e-05	1e-05	2e-05	3e-05	0	0.003078	0.000432	0.00079	0.001448	0.000814	0	47.44352632	38.31243154	28.40362676	35.90796772	1	100	100	4503	41
sim61	1	0	0	0	0	4.97864	4.97864	4.97864	4.97864	4.97864	1000000	1000000	1000000	1000000	1000000	0.000000094643	0.000000095490	0.000000094843	0.000000100269	0.000000092801	.01659	.00242	.00259	.00246	.00355	.00205	499	.00417	100.00000619	21	20.46347860	0	0	0	0	0:1e-05	0	1e-05	0	0:1e-05	0	0	1e-05	0:1e-05	0	0	0	0:1e-05	0	0	0	0	0.000168	6e-05	0.000115	0.000139	4e-05	0	15.92233651	36.32004997	22.45884612	28.18815615	1	100	100	407	4
sim62	0	1	0	0	0	7.37810	7.37810	7.37810	7.37810	7.37810	1000000	1000000	1000000	1000000	1000000	0.000000156341	0.000000139519	0.000000157153	0.000000139003	0.000000130002	.01676	.00443	.00215	.00454	.00208	.00086	499	.00188	100.00000999	321	12.21831943	0	0.00012	2e-05	1e-05	1e-05:1e-05	0	2e-05	1e-05	1e-05:1e-05	0.00013	0	1e-05	1e-05:1e-05	0.00013	1e-05	0	1e-05:1e-05	0.00013	1e-05	1e-05	0	0.000562	0.008662	0.001143	0.000893	0.000577	63.98044257	0	63.09430783	14.50130413	66.81772767	1	100	100	10245	109
sim64	0	0	1	0	0	4.91180	4.91180	4.91180	4.91180	4.91180	1000000	1000000	1000000	1000000	1000000	0.000000108305	0.000000124710	0.000000122402	0.000000126036	0.000000120928	.02082	.00123	.00457	.00410	.00484	.00380	499	.00031	100.00000994	499	13.80967765	0	0	4e-05	1e-05	0:0	0	4e-05	0	0:0	0	0	1e-05	0:0	0	4e-05	0	0:0	0	4e-05	1e-05	0	0.000206	0.000113	0.015539	0.002552	0.000136	57.09051856	45.66260259	0	13.79625688	61.81520417	0.614532	100	100	14668	90
sim79	0	1	0	0	0	4.85048	4.85048	4.85048	4.85048	4.85048	1000000	1000000	1000000	1000000	1000000	0.000000083767	0.000000086823	0.000000083913	0.000000083816	0.000000072514	.01384	.00343	.00406	.00346	.00344	.00111	499	.00070	100.00000675	28	15.17806582	0	0	0	0	0:0	0	0	0	0:0	0	0	0	0:0	0	0	0	0:0	0	0	0	0	1.4e-05	0.000339	0	0.00012	2e-06	64.62038601	0	96.85781564	33.39528912	87.11269314	1	100	100	375	4
sim81	0	1	0	0	0	3.37736	3.37736	3.37736	3.37736	3.37736	1000000	1000000	1000000	1000000	1000000	0.000000102570	0.000000100611	0.000000101422	0.000000101185	0.000000088824	.02619	.00418	.00360	.00384	.00377	.00011	499	.00420	100.00000680	30	13.92200877	0	1e-05	0	0	0:0	0	0	0	0:1e-05	1e-05	0	0	0:0	1e-05	0	0	0:0	1e-05	0	0	0	4.5e-05	3e-04	8e-05	4.9e-05	4e-05	67.69298052	0	46.00590945	53.04764797	66.50649506	1	100	100	352	1
sim86	0	0	0	1	0	2.42078	2.42078	2.42078	2.42078	2.42078	1000000	1000000	1000000	1000000	1000000	0.000000083347	0.000000084049	0.000000080030	0.000000080515	0.000000084388	.03140	.00303	.00332	.00166	.00186	.00346	499	.00315	100.00000899	24	21.60501951	0	0	0	1e-05	0:1e-05	0	0	0	0:1e-05	0	0	1e-05	0:1e-05	0	0	0	0:1e-05	0	0	1e-05	0	0.000232	1.4e-05	6.8e-05	0.00021	4.6e-05	15.6496591	53.20768966	25.96508394	0	34.97107366	1	100	100	347	6
sim89	0	0	1	0	0	5.23058	5.23058	5.23058	5.23058	5.23058	1000000	1000000	1000000	1000000	1000000	0.000000113922	0.000000106442	0.000000116746	0.000000104140	0.000000112509	.01737	.00441	.00298	.00495	.00254	.00414	499	.00440	100.00000982	499	18.10836982	0	0.00026	0.00052	0.00018	0.00023:0.00031	0	0.00054	0.00016	0.00022:0.00033	0.00024	0	0.00018	0.00022:0.00032	0.00026	0.00048	0	0.00021:0.00027	0.00024	0.00049	0.00018	0	0.007182	0.005976	0.013334	0.003955	0.005184	11.93147563	5.38621486	0	27.04176237	18.82347175	0.31443	100	100	28792	94
sim97	0	0	0	0	1	2.49986	2.49986	2.49986	2.49986	2.49986	1000000	1000000	1000000	1000000	1000000	0.000000072645	0.000000067921	0.000000062271	0.000000062396	0.000000072845	.02453	.00453	.00264	.00038	.00043	.00461	499	.00486	100.00000650	26	17.22729569	0	0	0	0	2e-05:0	0	1e-05	0	2e-05:0	0	0	0	2e-05:1e-05	0	0	0	1e-05:0	0	0	0	0	2.9e-05	5.4e-05	6.7e-05	1.8e-05	0.000288	23.71719326	27.15615963	55.10213594	62.5046227	0	1	100	100	258	2
sim100	0	0	1	0	0	2.45864	2.45864	2.45864	2.45864	2.45864	1000000	1000000	1000000	1000000	1000000	0.000000082585	0.000000082905	0.000000085314	0.000000084577	0.000000088535	.03164	.00195	.00208	.00306	.00276	.00437	499	.00088	100.00000505	39	19.70693491	0	0	1e-05	0	0:0	0	1e-05	0	0:0	0	0	0	0:0	0	1e-05	0	0:0	0	1e-05	0	0	7e-06	2.5e-05	0.000903	1.4e-05	4.6e-05	64.99524132	61.22609288	0	67.54323813	56.8318061	1	100	100	623	4
sim102	0	1	0	0	0	4.82426	4.82426	4.82426	4.82426	4.82426	1000000	1000000	1000000	1000000	1000000	0.000000158380	0.000000145210	0.000000140868	0.000000157608	0.000000153122	.02834	.00449	.00176	.00086	.00433	.00340	499	.00096	100.00000988	499	14.39571135	0	9e-05	1e-05	0.00013	7e-05:1e-05	0	1e-05	0.00012	5e-05:1e-05	8e-05	0	0.00012	5e-05:1e-05	8e-05	1e-05	0	4e-05:1e-05	9e-05	1e-05	0.00012	0	0.001637	0.013698	0.001461	0.020134	0.007852	38.78342105	0	41.31403344	20.11110702	37.31193812	0.385031	100	100	35382	135
sim105	0	0	0	1	0	6.01706	6.01706	6.01706	6.01706	6.01706	1000000	1000000	1000000	1000000	1000000	0.000000133759	0.000000129186	0.000000126538	0.000000135444	0.000000125816	.01957	.00266	.00190	.00146	.00294	.00134	499	.00456	100.00000986	219	13.76353620	0	3e-05	5e-05	0.00014	2e-05:5e-05	0	3e-05	0.00016	2e-05:6e-05	4e-05	0	0.00015	3e-05:6e-05	3e-05	4e-05	0	3e-05:6e-05	3e-05	5e-05	0.00014	0	0.001873	0.000877	0.001228	0.004556	0.000711	23.17284173	49.37348273	20.45292628	0	47.56692308	1	100	100	7704	69
sim106	0	0	1	0	0	2.64728	2.64728	2.64728	2.64728	2.64728	1000000	1000000	1000000	1000000	1000000	0.000000137658	0.000000138823	0.000000141073	0.000000140173	0.000000131622	.04837	.00363	.00407	.00492	.00458	.00135	499	.00416	100.00000994	418	12.64698207	0	6e-05	1e-04	7e-05	6e-05:6e-05	0	1e-04	9e-05	5e-05:6e-05	5e-05	0	8e-05	5e-05:6e-05	5e-05	0.00013	0	4e-05:6e-05	5e-05	0.00012	8e-05	0	0.00211	0.002049	0.003489	0.002609	0.001362	37.21666206	35.94887685	0	35.88289107	12.67851753	1	100	100	7358	66
sim110	0	0	0	0	1	4.19126	4.19126	4.19126	4.19126	4.19126	1000000	1000000	1000000	1000000	1000000	0.000000106080	0.000000113289	0.000000104949	0.000000114211	0.000000101889	.02308	.00223	.00395	.00196	.00417	.00123	499	.00285	100.00000999	499	16.07261498	0	3e-05	5e-05	7e-05	1e-04:0.00016	0	5e-05	8e-05	0.00013:0.00015	4e-05	0	7e-05	0.00014:0.00017	5e-05	6e-05	0	0.00016:0.00017	4e-05	5e-05	8e-05	0	0.006321	0.001749	0.002166	0.002833	0.004667	18.82558941	31.05793058	30.21557298	36.69526252	0	0.886323	100	100	13503	126
sim112	0	0	0	0	1	2.88512	2.88512	2.88512	2.88512	2.88512	1000000	1000000	1000000	1000000	1000000	0.000000097026	0.000000102104	0.000000106085	0.000000096738	0.000000098555	.03332	.00031	.00207	.00345	.00021	.00084	499	.00019	100.00000998	21	24.67257704	0	0	0	0	0:0	0	0	0	1e-05:0	0	0	0	0:0	0	0	0	0:0	0	0	0	0	0	6e-06	2e-06	5e-06	0.001339	84.5498944	49.74047901	86.81340317	64.3501964	0	1	100	100	901	9
sim115	1	0	0	0	0	4.36886	4.36886	4.36886	4.36886	4.36886	1000000	1000000	1000000	1000000	1000000	0.000000101095	0.000000110619	0.000000109134	0.000000094935	0.000000103673	.02158	.00156	.00374	.00340	.00015	.00215	499	.00284	100.00000984	390	16.46162851	0	3e-05	0.00011	3e-05	4e-05:0.00018	0	1e-04	3e-05	3e-05:0.00019	4e-05	0	2e-05	3e-05:0.00018	3e-05	1e-04	0	3e-05:2e-04	3e-05	8e-05	3e-05	0	0.006951	0.001286	0.003701	0.001052	0.001209	0	26.22537591	11.08858672	35.84956659	21.0494733	1	100	100	10826	90
sim119	0	0	1	0	0	3.71222	3.71222	3.71222	3.71222	3.71222	1000000	1000000	1000000	1000000	1000000	0.000000079998	0.000000089947	0.000000093436	0.000000084824	0.000000082559	.02116	.00039	.00307	.00401	.00169	.00108	499	.00213	100.00000961	108	13.92203765	0	0	3e-05	0	0:0	0	3e-05	0	0:0	0	0	0	0:0	0	3e-05	0	0:0	0	5e-05	0	0	8.9e-05	0.00015	0.001805	7.6e-05	0.000142	12.69620392	54.01948867	0	54.91971972	49.44191992	1	100	100	1660	17
sim120	0	0	1	0	0	3.21308	3.21308	3.21308	3.21308	3.21308	1000000	1000000	1000000	1000000	1000000	0.000000086624	0.000000087202	0.000000080166	0.000000081740	0.000000090159	.02386	.00310	.00328	.00109	.00158	.00420	499	.00480	100.00000943	34	20.76306973	0	1e-05	1e-05	0	1e-05:1e-05	0	0	0	1e-05:1e-05	1e-05	0	0	1e-05:0	0	1e-05	0	2e-05:1e-05	1e-05	1e-05	0	0	0.000162	0.000132	0.000136	7.6e-05	0.000234	32.82178773	9.72057041	0	40.37974707	6.1653611	1	100	100	475	6
sim126	1	0	0	0	0	2.81978	2.81978	2.81978	2.81978	2.81978	1000000	1000000	1000000	1000000	1000000	0.000000118458	0.000000116033	0.000000124634	0.000000125677	0.000000123929	.04060	.00141	.00055	.00360	.00397	.00335	499	.00113	100.00000995	28	16.51233308	0	0	0	0	0:1e-05	0	0	0	0:0	0	0	0	0:1e-05	0	0	0	0:1e-05	0	0	0	0	0.000608	2.5e-05	7e-06	2.5e-05	3.7e-05	0	59.26449868	87.1052326	60.42411897	55.14018015	1	100	100	430	9
sim127	0	0	0	1	0	3.03068	3.03068	3.03068	3.03068	3.03068	1000000	1000000	1000000	1000000	1000000	0.000000087253	0.000000085707	0.000000082252	0.000000085010	0.000000080979	.02660	.00219	.00168	.00054	.00145	.00012	499	.00162	100.00000585	26	20.57815622	0	0	0	1e-05	0:1e-05	0	0	1e-05	0:0	0	0	1e-05	0:1e-05	0	0	0	0:1e-05	0	0	1e-05	0	0.000545	6.1e-05	2.8e-05	0.00036	1.9e-05	21.64550791	50.74669782	46.29473175	0	70.00875259	1	100	100	676	5
sim134	0	0	0	0	1	3.42128	3.42128	3.42128	3.42128	3.42128	1000000	1000000	1000000	1000000	1000000	0.000000169832	0.000000172979	0.000000177598	0.000000180848	0.000000186117	.04943	.00021	.00113	.00248	.00343	.00497	499	.00233	100.00000943	23	13.34891691	0	0	0	0	1e-05:0	0	0	0	1e-05:0	0	0	0	2e-05:0	0	0	0	1e-05:0	0	0	0	0	4.4e-05	1.7e-05	4.7e-05	7e-06	0.000988	69.5941988	60.4096201	77.88449599	77.40851082	0	1	100	100	783	2
sim140	1	0	0	0	0	5.39468	5.39468	5.39468	5.39468	5.39468	1000000	1000000	1000000	1000000	1000000	0.000000096726	0.000000072234	0.000000074716	0.000000072342	0.000000082214	.01295	.00498	.00044	.00090	.00046	.00229	499	.00370	100.00000812	65	15.39236158	0	0	1e-05	0	1e-05:4e-05	0	1e-05	1e-05	1e-05:3e-05	0	0	1e-05	0:4e-05	0	1e-05	0	0:4e-05	1e-05	2e-05	0	0	0.000923	9.5e-05	0.000246	0.000109	0.000118	0	40.88642849	28.8920212	50.63683644	49.8651404	1	100	100	1208	11
sim142	0	1	0	0	0	6.64754	6.64754	6.64754	6.64754	6.64754	1000000	1000000	1000000	1000000	1000000	0.000000125505	0.000000124907	0.000000144451	0.000000133283	0.000000127300	.01681	.00207	.00198	.00492	.00324	.00234	499	.00031	100.00000998	235	13.93195048	0	1e-05	0	0	0:0	0	0	0	0:0	2e-05	0	0	1e-05:0	1e-05	0	0	0:0	2e-05	0	0	0	5e-05	0.00857	0.000277	9e-06	0.001512	71.95753206	0	69.50976788	73.53383439	51.37078519	1	100	100	8875	93
sim145	0	0	0	0	1	4.80086	4.80086	4.80086	4.80086	4.80086	1000000	1000000	1000000	1000000	1000000	0.000000070428	0.000000058666	0.000000067356	0.000000063035	0.000000072973	.01116	.00351	.00106	.00287	.00197	.00404	499	.00150	100.00000997	68	16.70566227	0	0	0	0	2e-05:0	0	0	0	2e-05:0	0	0	0	1e-05:0	0	0	0	1e-05:0	0	0	0	0	5.2e-05	4.5e-05	1.4e-05	2.6e-05	0.000875	54.28812619	42.10295687	66.24297958	39.53508808	0	1	100	100	782	13
sim147	0	1	0	0	0	2.86040	2.86040	2.86040	2.86040	2.86040	1000000	1000000	1000000	1000000	1000000	0.000000112642	0.000000112213	0.000000113243	0.000000117505	0.000000121738	.03788	.00150	.00135	.00171	.00320	.00468	499	.00129	100.00000982	344	18.30124970	0	0.00016	1e-05	2e-05	1e-05:1e-05	0	1e-05	1e-05	1e-05:1e-05	0.00015	0	1e-05	1e-05:1e-05	0.00013	1e-05	0	1e-05:1e-05	0.00016	2e-05	1e-05	0	0.000417	0.012494	0.000928	0.001448	0.00089	38.10823422	0	40.62914585	30.34364355	16.28155126	1	100	100	10539	106
sim152	0	0	0	1	0	4.93670	4.93670	4.93670	4.93670	4.93670	1000000	1000000	1000000	1000000	1000000	0.000000085009	0.000000091230	0.000000097944	0.000000102683	0.000000100412	.01659	.00063	.00189	.00325	.00421	.00375	499	.00492	100.00000981	95	15.20254632	0	1e-05	2e-05	4e-05	2e-05:1e-05	0	2e-05	5e-05	2e-05:2e-05	2e-05	0	4e-05	3e-05:2e-05	2e-05	1e-05	0	2e-05:2e-05	1e-05	3e-05	6e-05	0	0.000223	0.000251	0.000361	0.001136	0.000507	48.78217446	16.11019342	16.69906626	0	32.05877876	1	100	100	1995	18
sim154	0	0	1	0	0	5.50892	5.50892	5.50892	5.50892	5.50892	1000000	1000000	1000000	1000000	1000000	0.000000095194	0.000000105055	0.000000109737	0.000000087922	0.000000092660	.01495	.00233	.00412	.00497	.00101	.00187	499	.00345	100.00000981	499	14.63408621	0	7e-05	0.00021	5e-05	4e-05:8e-05	0	2e-04	7e-05	4e-05:7e-05	7e-05	0	7e-05	4e-05:7e-05	7e-05	0.00023	0	5e-05:8e-05	7e-05	2e-04	8e-05	0	0.001999	0.002136	0.006997	0.001686	0.001118	29.43831555	22.04973034	0	17.35941115	36.63488242	0.814029	100	100	11371	93
sim155	0	0	0	1	0	6.19232	6.19232	6.19232	6.19232	6.19232	1000000	1000000	1000000	1000000	1000000	0.000000141122	0.000000139946	0.000000155055	0.000000159018	0.000000163539	.02207	.00072	.00053	.00297	.00361	.00434	499	.00340	100.00000975	34	13.07445302	0	1e-05	0	0	0:2e-05	0	0	0	1e-05:1e-05	1e-05	0	0	0:2e-05	2e-05	0	0	0:1e-05	1e-05	0	0	0	0.000599	0.000485	0.00011	0.000184	0.000218	7.9728585	59.47269157	75.15380586	0	62.14743006	1	100	100	1352	17
sim157	0	0	0	1	0	2.99978	2.99978	2.99978	2.99978	2.99978	1000000	1000000	1000000	1000000	1000000	0.000000111771	0.000000124940	0.000000115281	0.000000124100	0.000000111681	.03675	.00051	.00490	.00168	.00462	.00048	499	.00025	100.00000959	392	13.30940547	0	0	0	2e-05	0:0	0	0	1e-05	0:0	0	0	2e-05	0:0	0	0	0	0:0	0	0	2e-05	0	0.000385	0.000132	8.3e-05	0.008573	4.2e-05	37.50622478	59.72017982	55.53531003	0	66.26858518	1	100	100	6115	61
sim158	1	0	0	0	0	7.22084	7.22084	7.22084	7.22084	7.22084	1000000	1000000	1000000	1000000	1000000	0.000000151709	0.000000172722	0.000000167956	0.000000155753	0.000000175971	.01978	.00123	.00414	.00348	.00179	.00459	499	.00121	100.00000996	499	14.75548975	0	2e-05	9e-05	5e-05	1e-05:0.00026	0	1e-04	4e-05	3e-05:0.00029	2e-05	0	4e-05	1e-05:0.00024	2e-05	1e-04	0	2e-05:0.00024	1e-05	8e-05	5e-05	0	0.032121	0.002161	0.012681	0.006062	0.003054	0	49.35906521	39.98959915	47.07582625	59.11058651	0.396977	100	100	48115	200
sim162	1	0	0	0	0	2.52950	2.52950	2.52950	2.52950	2.52950	1000000	1000000	1000000	1000000	1000000	0.000000114080	0.000000105783	0.000000114636	0.000000117318	0.000000110134	.04139	.00371	.00043	.00393	.00499	.00215	499	.00166	100.00000881	77	16.91447523	0	0	0	0	0:2e-05	0	0	0	0:3e-05	0	0	0	0:3e-05	0	0	0	0:3e-05	0	0	0	0	0.0019	5.2e-05	2.8e-05	7e-05	0.000169	0	58.39592844	25.01551276	28.03917371	34.05631862	1	100	100	1308	13
sim164	0	0	1	0	0	4.17368	4.17368	4.17368	4.17368	4.17368	1000000	1000000	1000000	1000000	1000000	0.000000070201	0.000000081219	0.000000089275	0.000000077922	0.000000075710	.01672	.00010	.00274	.00467	.00195	.00142	499	.00324	100.00000726	57	13.96070487	0	0	2e-05	0	1e-05:2e-05	0	2e-05	0	0:0	1e-05	0	0	1e-05:1e-05	0	2e-05	0	1e-05:2e-05	0	3e-05	0	0	0.000262	6.8e-05	0.000677	6.3e-05	0.000238	35.93388978	57.879165	0	63.54588614	46.28772641	1	100	100	1040	5
sim171	0	0	0	0	1	6.35744	6.35744	6.35744	6.35744	6.35744	1000000	1000000	1000000	1000000	1000000	0.000000094280	0.000000064909	0.000000092055	0.000000080294	0.000000082074	.01007	.00476	.00014	.00441	.00256	.00284	499	.00283	100.00000824	125	15.10940936	0	1e-05	1e-05	1e-05	4e-05:2e-05	0	1e-05	1e-05	3e-05:3e-05	0	0	1e-05	3e-05:1e-05	0	2e-05	0	4e-05:3e-05	1e-05	1e-05	0	0	0.000841	0.000145	0.000491	0.000189	0.00109	24.85429523	32.08881887	33.07104568	29.79331775	0	1	100	100	2304	13
sim173	0	1	0	0	0	5.07128	5.07128	5.07128	5.07128	5.07128	1000000	1000000	1000000	1000000	1000000	0.000000138344	0.000000148537	0.000000150972	0.000000141539	0.000000143821	.02698	.00030	.00231	.00279	.00093	.00138	499	.00400	100.00000932	131	14.55019350	0	1e-05	2e-05	2e-05	0.00014:1e-05	0	1e-05	1e-05	0.00013:2e-05	2e-05	0	1e-05	0.00013:1e-05	1e-05	1e-05	0	0.00012:2e-05	1e-05	1e-05	2e-05	0	0.000644	0.000502	4e-04	0.000668	0.004498	64.96445011	0	62.62095694	26.61881154	34.85785741	1	100	100	5376	57
sim175	0	1	0	0	0	3.87320	3.87320	3.87320	3.87320	3.87320	1000000	1000000	1000000	1000000	1000000	0.000000095900	0.000000087340	0.000000086372	0.000000089161	0.000000099076	.02214	.00262	.00041	.00016	.00088	.00344	499	.00358	100.00000923	62	18.80562594	0	6e-05	1e-05	1e-05	2e-05:1e-05	0	1e-05	1e-05	2e-05:1e-05	5e-05	0	1e-05	3e-05:2e-05	6e-05	1e-05	0	2e-05:2e-05	5e-05	1e-05	1e-05	0	0.000426	0.001429	0.000263	0.000271	0.000531	37.69932275	0	34.88342864	32.20418714	36.67133148	1	100	100	2185	16
sim183	0	0	0	1	0	5.06762	5.06762	5.06762	5.06762	5.06762	1000000	1000000	1000000	1000000	1000000	0.000000122889	0.000000139106	0.000000118075	0.000000138802	0.000000140575	.02311	.00114	.00434	.00019	.00428	.00463	499	.00309	100.00000994	499	15.81812895	0	0.00013	0.00017	0.00045	1e-04:1e-04	0	2e-04	4e-04	8e-05:9e-05	0.00011	0	0.00043	9e-05:9e-05	0.00012	0.00016	0	8e-05:9e-05	0.00013	0.00017	0.00042	0	0.003618	0.005317	0.006852	0.018049	0.004061	40.65419931	34.66616492	17.08897473	0	47.54809114	0.419328	100	100	30384	125
sim187	0	1	0	0	0	3.46946	3.46946	3.46946	3.46946	3.46946	1000000	1000000	1000000	1000000	1000000	0.000000137390	0.000000144225	0.000000137911	0.000000141172	0.000000133366	.03826	.00134	.00331	.00149	.00243	.00018	499	.00336	100.00000998	499	15.51596530	0	0.00041	0.00014	1e-04	8e-05:8e-05	0	0.00015	0.00011	7e-05:8e-05	0.00041	0	8e-05	7e-05:8e-05	0.00042	0.00012	0	7e-05:8e-05	4e-04	0.00013	8e-05	0	0.003436	0.01762	0.005649	0.003682	0.002938	25.88164214	0	27.494713	25.90552946	26.65740274	0.629256	100	100	23671	150
sim189	0	1	0	0	0	4.65542	4.65542	4.65542	4.65542	4.65542	1000000	1000000	1000000	1000000	1000000	0.000000066200	0.000000075371	0.000000069598	0.000000078397	0.000000061358	.01263	.00159	.00356	.00232	.00421	.00055	499	.00393	100.00000843	51	21.47675435	0	2e-05	1e-05	2e-05	0:1e-05	0	1e-05	2e-05	1e-05:1e-05	3e-05	0	1e-05	1e-05:1e-05	4e-05	2e-05	0	0:1e-05	4e-05	1e-05	2e-05	0	0.000199	0.00057	0.000174	0.000304	8.4e-05	25.44129728	0	18.38264248	17.26573393	15.48836365	1	100	100	1044	7
sim192	0	0	0	0	1	3.02978	3.02978	3.02978	3.02978	3.02978	1000000	1000000	1000000	1000000	1000000	0.000000107193	0.000000107042	0.000000108496	0.000000107738	0.000000099225	.03156	.00382	.00377	.00425	.00400	.00119	499	.00126	100.00000892	33	19.13363413	0	0	0	1e-05	1e-05:0	0	0	0	0:0	0	0	0	0:0	0	0	0	1e-05:0	0	0	1e-05	0	9e-05	3e-05	6.7e-05	0.000524	0.00048	11.83817259	27.99581671	61.57386704	21.13079602	0	1	100	100	806	5
sim195	0	0	1	0	0	4.29362	4.29362	4.29362	4.29362	4.29362	1000000	1000000	1000000	1000000	1000000	0.000000110088	0.000000100685	0.000000111591	0.000000116700	0.000000103089	.02278	.00286	.00067	.00321	.00440	.00123	499	.00263	100.00000987	251	17.64504133	0	8e-05	5e-05	1e-05	5e-05:3e-05	0	5e-05	1e-05	5e-05:3e-05	9e-05	0	1e-05	6e-05:2e-05	7e-05	4e-05	0	5e-05:3e-05	9e-05	7e-05	1e-05	0	0.001277	0.003306	0.002139	0.000712	0.002085	32.09972146	2.88568874	0	34.65145179	12.04509714	1	100	100	7302	86
sim196	0	0	1	0	0	4.63436	4.63436	4.63436	4.63436	4.63436	1000000	1000000	1000000	1000000	1000000	0.000000123922	0.000000115024	0.000000123783	0.000000117017	0.000000120215	.02408	.00266	.00074	.00263	.00117	.00186	499	.00236	100.00000980	499	16.21713774	0	4e-05	0.00022	3e-05	0.00012:0.00012	0	0.00022	3e-05	1e-04:0.00011	6e-05	0	4e-05	0.00014:0.00011	3e-05	0.00023	0	0.00012:0.00012	5e-05	0.00023	3e-05	0	0.00573	0.002084	0.011991	0.001702	0.005807	21.04746039	49.02290672	0	42.27462914	24.89860547	0.680764	100	100	21489	149
sim203	0	0	1	0	0	2.85674	2.85674	2.85674	2.85674	2.85674	1000000	1000000	1000000	1000000	1000000	0.000000150064	0.000000145122	0.000000143436	0.000000150864	0.000000148064	.04983	.00270	.00097	.00038	.00298	.00200	499	.00195	100.00000986	254	17.49771968	0	1e-05	0.00021	2e-05	1e-05:1e-05	0	0.00023	3e-05	1e-05:2e-05	1e-05	0	2e-05	2e-05:1e-05	2e-05	0.00018	0	1e-05:2e-05	2e-05	0.00022	2e-05	0	0.001244	0.000894	0.015557	0.001785	0.001074	40.74323366	50.74532339	0	44.91066277	48.67145517	1	100	100	13343	128
sim205	0	0	0	1	0	3.14000	3.14000	3.14000	3.14000	3.14000	1000000	1000000	1000000	1000000	1000000	0.000000066599	0.000000068483	0.000000064087	0.000000068357	0.000000072094	.01920	.00201	.00261	.00121	.00257	.00376	499	.00155	100.00000177	25	23.03643928	0	0	0	1e-05	0:0	0	0	1e-05	0:0	0	0	1e-05	0:0	0	0	0	0:0	0	0	1e-05	0	1e-06	4.4e-05	2.1e-05	0.000489	7e-06	71.26020575	38.83905311	59.74022584	0	61.21647994	1	100	100	389	3
sim206	1	0	0	0	0	3.10412	3.10412	3.10412	3.10412	3.10412	1000000	1000000	1000000	1000000	1000000	0.000000058760	0.000000053049	0.000000053204	0.000000052366	0.000000061834	.01514	.00379	.00195	.00200	.00173	.00478	499	.00024	100.00000792	20	18.70017368	0	0	0	0	0:0	0	0	0	0:0	0	0	0	0:0	0	0	0	0:0	0	0	0	0	0.000282	0	0	0	2.1e-05	0	-1	-1	-1	41.51783601	1	100	100	224	3
sim210	1	0	0	0	0	4.78964	4.78964	4.78964	4.78964	4.78964	1000000	1000000	1000000	1000000	1000000	0.000000118064	0.000000104126	0.000000112269	0.000000106186	0.000000113370	.02019	.00446	.00155	.00325	.00198	.00348	499	.00448	100.00000993	499	17.24486604	0	0.00015	2e-04	0.00019	0.00016:0.00049	0	2e-04	0.00017	0.00013:5e-04	0.00018	0	0.00018	0.00013:0.00049	0.00018	2e-04	0	0.00013:0.00051	0.00018	2e-04	0.00017	0	0.013215	0.004049	0.004966	0.004373	0.003441	0	28.28935798	15.10858631	17.57475581	31.24708334	0.434669	100	100	23796	104
sim212	0	1	0	0	0	4.25444	4.25444	4.25444	4.25444	4.25444	1000000	1000000	1000000	1000000	1000000	0.000000121464	0.000000118145	0.000000131079	0.000000129164	0.000000132398	.02629	.00226	.00148	.00452	.00407	.00483	499	.00292	100.00000995	389	12.74100679	0	5e-05	3e-05	2e-05	0.00011:3e-05	0	3e-05	3e-05	0.00014:3e-05	5e-05	0	1e-05	0.00011:2e-05	5e-05	2e-05	0	0.00011:3e-05	6e-05	3e-05	2e-05	0	0.001114	0.002133	0.001413	0.000983	0.004709	23.39354996	0	39.85758326	38.07084384	23.28215496	1	100	100	7898	78
sim215	0	0	1	0	0	2.85986	2.85986	2.85986	2.85986	2.85986	1000000	1000000	1000000	1000000	1000000	0.000000115452	0.000000116167	0.000000114880	0.000000126062	0.000000123202	.03983	.00054	.00079	.00034	.00425	.00325	499	.00447	100.00000997	54	17.33274492	0	1e-05	1e-05	0	4e-05:1e-05	0	1e-05	0	3e-05:1e-05	1e-05	0	1e-05	3e-05:1e-05	1e-05	1e-05	0	3e-05:1e-05	1e-05	1e-05	1e-05	0	0.000287	0.000356	0.000307	0.000135	0.000824	44.54900936	21.09672748	0	23.46991602	20.08102289	1	100	100	1203	18
sim216	1	0	0	0	0	2.45042	2.45042	2.45042	2.45042	2.45042	1000000	1000000	1000000	1000000	1000000	0.000000113356	0.000000117350	0.000000109043	0.000000107352	0.000000114116	.04301	.00325	.00488	.00149	.00080	.00356	499	.00034	100.00000953	133	16.88347782	0	0	0	0	0:2e-05	0	0	0	0:1e-05	0	0	0	0:1e-05	0	0	0	0:0	0	0	0	0	0.004056	3.5e-05	3.3e-05	0.000427	1.3e-05	0	49.49846525	58.73082671	22.29495808	43.12170342	1	100	100	2660	23
sim218	0	1	0	0	0	5.72630	5.72630	5.72630	5.72630	5.72630	1000000	1000000	1000000	1000000	1000000	0.000000113552	0.000000106451	0.000000118820	0.000000109086	0.000000103416	.01756	.00227	.00103	.00319	.00149	.00050	499	.00123	100.00000993	47	20.17657922	0	2e-05	0	0	0:0	0	0	0	0:0	2e-05	0	0	0:0	1e-05	0	0	0:0	2e-05	0	0	0	0.00033	0.001936	9.2e-05	7.6e-05	1.8e-05	50.82471274	0	63.21329417	71.05432371	60.82754417	1	100	100	2010	22
sim219	0	0	0	1	0	5.38736	5.38736	5.38736	5.38736	5.38736	1000000	1000000	1000000	1000000	1000000	0.000000108285	0.000000122885	0.000000108232	0.000000104891	0.000000107908	.01842	.00168	.00439	.00167	.00105	.00161	499	.00499	100.00000966	62	15.77475217	0	2e-05	1e-05	4e-05	0:1e-05	0	1e-05	3e-05	0:1e-05	3e-05	0	5e-05	1e-05:1e-05	2e-05	1e-05	0	1e-05:1e-05	3e-05	1e-05	4e-05	0	0.000171	0.000533	0.000223	0.000982	0.000109	56.95933326	51.03087229	41.19781029	0	45.16690616	1	100	100	1665	23
sim221	0	0	0	1	0	3.17024	3.17024	3.17024	3.17024	3.17024	1000000	1000000	1000000	1000000	1000000	0.000000096850	0.000000093997	0.000000095614	0.000000096819	0.000000096724	.02877	.00178	.00088	.00139	.00177	.00174	499	.00210	100.00000990	173	19.92345986	0	2e-05	2e-05	8e-05	2e-05:2e-05	0	2e-05	8e-05	1e-05:2e-05	1e-05	0	8e-05	1e-05:2e-05	2e-05	3e-05	0	1e-05:2e-05	2e-05	2e-05	1e-04	0	0.000961	0.000918	0.001118	0.003596	0.000645	9.16014756	29.12494919	23.14604699	0	18.98216033	1	100	100	4970	41
sim228	1	0	0	0	0	3.83420	3.83420	3.83420	3.83420	3.83420	1000000	1000000	1000000	1000000	1000000	0.000000136114	0.000000136535	0.000000143092	0.000000144856	0.000000135308	.03386	.00164	.00175	.00346	.00392	.00143	499	.00466	100.00000994	499	17.75186849	0	0.00026	0.00054	0.00053	0.00026:0.00046	0	0.00048	0.00054	0.00026:0.00047	0.00021	0	0.00055	0.00027:0.00045	0.00023	0.00053	0	0.00027:0.00046	0.00024	0.00047	0.00057	0	0.01317	0.007356	0.015797	0.017451	0.007641	0	37.25322439	13.44700888	28.11697342	30.38625014	0.2997	100	100	45154	126
sim230	0	1	0	0	0	4.24910	4.24910	4.24910	4.24910	4.24910	1000000	1000000	1000000	1000000	1000000	0.000000096794	0.000000086044	0.000000093607	0.000000097346	0.000000096242	.01909	.00369	.00116	.00294	.00382	.00356	499	.00394	100.00000978	62	16.43460351	0	2e-05	2e-05	1e-05	1e-05:1e-05	0	2e-05	1e-05	2e-05:1e-05	1e-05	0	1e-05	1e-05:1e-05	0	3e-05	0	1e-05:1e-05	2e-05	2e-05	1e-05	0	0.000339	0.000271	0.000625	0.000165	0.000345	27.27948111	0	34.7483775	29.12835754	37.91597752	1	100	100	1369	15
sim231	0	0	0	1	0	3.95432	3.95432	3.95432	3.95432	3.95432	1000000	1000000	1000000	1000000	1000000	0.000000087548	0.000000100004	0.000000098897	0.000000102219	0.000000092886	.02109	.00105	.00420	.00392	.00476	.00240	499	.00205	100.00000776	30	18.48352728	0	0	0	1e-05	1e-05:0	0	0	1e-05	1e-05:0	0	0	0	1e-05:0	0	0	0	1e-05:0	0	0	1e-05	0	2.8e-05	3.6e-05	4.3e-05	0.00033	0.000392	49.96933023	76.72315493	73.36611193	0	20.42896161	1	100	100	636	11
sim234	0	1	0	0	0	3.08324	3.08324	3.08324	3.08324	3.08324	1000000	1000000	1000000	1000000	1000000	0.000000092713	0.000000079146	0.000000086731	0.000000085282	0.000000090246	.02517	.00490	.00050	.00296	.00249	.00410	499	.00308	100.00000867	31	15.25332321	0	0	0	0	0:1e-05	0	0	1e-05	0:1e-05	0	0	0	0:0	0	0	0	0:1e-05	0	0	0	0	0.000238	5.2e-05	6.4e-05	7.4e-05	6.9e-05	26.05315153	0	16.46701797	54.62350332	62.92415434	1	100	100	328	7
sim242	0	1	0	0	0	7.17686	7.17686	7.17686	7.17686	7.17686	1000000	1000000	1000000	1000000	1000000	0.000000133633	0.000000111456	0.000000135355	0.000000122006	0.000000115475	.01468	.00394	.00085	.00418	.00232	.00141	499	.00457	100.00000994	499	15.12414189	0	2e-04	0.00032	0.00011	0.00015:0.00033	0	0.00032	0.00013	0.00014:0.00028	0.00021	0	0.00012	0.00014:0.00027	0.00022	0.00031	0	0.00015:0.00033	0.00022	0.00028	0.00012	0	0.00896	0.004996	0.008616	0.003407	0.003746	35.92856425	0	36.05003507	35.35602655	35.20242084	0.525817	100	100	25549	130
sim250	0	0	1	0	0	5.61932	5.61932	5.61932	5.61932	5.61932	1000000	1000000	1000000	1000000	1000000	0.000000130761	0.000000116881	0.000000130424	0.000000121658	0.000000123119	.01919	.00408	.00161	.00402	.00246	.00272	499	.00284	100.00000983	499	15.16515754	0	9e-05	0.00015	9e-05	9e-05:0.00022	0	0.00018	8e-05	9e-05:2e-04	8e-05	0	8e-05	9e-05:0.00019	9e-05	0.00017	0	1e-04:2e-04	7e-05	0.00017	7e-05	0	0.009057	0.003608	0.007671	0.003336	0.003981	3.30859843	30.29519335	0	9.09748786	9.29094071	0.52361	100	100	22659	108
sim256	0	0	0	0	1	7.50302	7.50302	7.50302	7.50302	7.50302	1000000	1000000	1000000	1000000	1000000	0.000000116146	0.000000105717	0.000000107218	0.000000117047	0.000000105417	.01246	.00302	.00163	.00183	.00314	.00159	499	.00396	100.00000931	122	14.97273436	0	2e-05	3e-05	4e-05	3e-05:2e-05	0	2e-05	4e-05	5e-05:3e-05	4e-05	0	4e-05	6e-05:3e-05	3e-05	3e-05	0	4e-05:3e-05	3e-05	2e-05	4e-05	0	0.000833	0.000765	0.000551	0.001036	0.001206	47.31531307	25.6470494	57.46677871	25.06585968	0	1	100	100	3828	34
sim259	0	0	1	0	0	6.43766	6.43766	6.43766	6.43766	6.43766	1000000	1000000	1000000	1000000	1000000	0.000000116972	0.000000106092	0.000000100620	0.000000104096	0.000000115620	.01445	.00372	.00203	.00118	.00172	.00351	499	.00146	100.00000580	29	18.41120985	0	1e-05	1e-05	0	0:0	0	1e-05	0	0:0	1e-05	0	0	0:0	0	1e-05	0	0:0	1e-05	1e-05	0	0	0.00011	0.000387	0.000824	5e-06	4.6e-05	64.02438382	27.91628412	0	82.83533223	78.35807381	1	100	100	1174	6
sim261	0	0	0	0	1	2.73734	2.73734	2.73734	2.73734	2.73734	1000000	1000000	1000000	1000000	1000000	0.000000093671	0.000000097695	0.000000090852	0.000000094000	0.000000091290	.03108	.00314	.00461	.00211	.00326	.00227	499	.00255	100.00000915	130	16.05346382	0	3e-05	1e-05	1e-05	1e-05:2e-05	0	1e-05	1e-05	2e-05:2e-05	3e-05	0	1e-05	2e-05:1e-05	4e-05	0	0	1e-05:2e-05	3e-05	1e-05	1e-05	0	0.000792	0.001349	0.000225	0.000289	0.000452	12.55678357	11.5580226	42.05136267	50.19915276	0	1	100	100	1990	21
sim262	0	0	1	0	0	3.45572	3.45572	3.45572	3.45572	3.45572	1000000	1000000	1000000	1000000	1000000	0.000000110375	0.000000100907	0.000000107749	0.000000109477	0.000000105226	.02850	.00344	.00070	.00268	.00318	.00195	499	.00083	100.00000905	46	17.24990650	0	0	1e-05	0	0:0	0	1e-05	0	0:0	0	0	0	0:0	0	1e-05	0	0:0	0	1e-05	0	0	0.000126	1.8e-05	0.001029	9.2e-05	5.2e-05	56.76293432	69.89653084	0	50.3965369	59.95852144	1	100	100	929	14
sim267	0	0	0	1	0	3.82250	3.82250	3.82250	3.82250	3.82250	1000000	1000000	1000000	1000000	1000000	0.000000071060	0.000000082451	0.000000085547	0.000000079278	0.000000078819	.01768	.00091	.00389	.00470	.00306	.00294	499	.00118	100.00000926	102	19.56939709	0	0	1e-05	3e-05	0:0	0	0	3e-05	0:0	0	0	3e-05	0:0	0	0	0	0:0	0	0	3e-05	0	0.000231	5.5e-05	0.000258	0.001911	0.000139	14.93859189	51.23231376	27.00876482	0	38.76318131	1	100	100	1933	20
sim269	1	0	0	0	0	4.25426	4.25426	4.25426	4.25426	4.25426	1000000	1000000	1000000	1000000	1000000	0.000000102782	0.000000101123	0.000000112780	0.000000107590	0.000000114737	.02334	.00082	.00043	.00317	.00195	.00363	499	.00154	100.00000991	499	17.26515279	0	2e-05	4e-05	1e-05	1e-04:0.00019	0	2e-05	2e-05	1e-04:0.00016	3e-05	0	1e-05	9e-05:0.00016	3e-05	3e-05	0	9e-05:0.00015	3e-05	4e-05	3e-05	0	0.010515	0.001783	0.002519	0.001223	0.007727	0	15.27286379	23.42143769	28.18935959	6.23189299	0.757208	100	100	18157	143
sim272	0	0	1	0	0	7.56158	7.56158	7.56158	7.56158	7.56158	1000000	1000000	1000000	1000000	1000000	0.000000109642	0.000000109264	0.000000101400	0.000000099056	0.000000090134	.01113	.00337	.00332	.00228	.00197	.00079	499	.00146	100.00000951	96	14.93405744	0	1e-05	1e-05	0	0:0	0	1e-05	0	0:1e-05	1e-05	0	0	1e-05:1e-05	1e-05	1e-05	0	0:1e-05	1e-05	1e-05	0	0	0.000632	0.000677	0.001025	0.000173	0.000392	32.23287713	39.66744911	0	55.57305757	23.66766949	1	100	100	2554	25
sim276	0	1	0	0	0	2.59784	2.59784	2.59784	2.59784	2.59784	1000000	1000000	1000000	1000000	1000000	0.000000080481	0.000000087131	0.000000081208	0.000000081909	0.000000076298	.02878	.00220	.00476	.00248	.00275	.00059	499	.00058	100.00000704	30	17.50178872	0	0	0	0	0:0	0	0	0	0:0	0	0	0	0:0	1e-05	0	0	0:0	0	0	1e-05	0	0	0.000141	2.6e-05	0.00037	2.9e-05	63.70593998	0	43.07235117	24.89640401	68.72730798	1	100	100	335	1
sim281	0	0	1	0	0	5.48660	5.48660	5.48660	5.48660	5.48660	1000000	1000000	1000000	1000000	1000000	0.000000075001	0.000000083341	0.000000084603	0.000000094753	0.000000089541	.01242	.00125	.00277	.00300	.00485	.00390	499	.00323	100.00000976	45	16.76942042	0	1e-05	2e-05	0	0:0	0	3e-05	0	0:0	0	0	0	0:0	1e-05	1e-05	0	0:0	0	1e-05	0	0	5.4e-05	0.000135	5e-04	6.7e-05	3.9e-05	60.65348437	53.41093177	0	55.43608282	72.97275637	1	100	100	636	10
sim283	0	0	1	0	0	5.50982	5.50982	5.50982	5.50982	5.50982	1000000	1000000	1000000	1000000	1000000	0.000000095540	0.000000116863	0.000000109369	0.000000097964	0.000000093887	.01646	.00088	.00475	.00339	.00132	.00058	499	.00111	100.00000996	421	15.77953297	0	1e-05	1e-04	0	0:4e-05	0	9e-05	0	0:4e-05	0	0	1e-05	0:4e-05	1e-05	1e-04	0	0:3e-05	0	1e-04	0	0	0.003155	0.000707	0.009266	0.000469	0.000464	15.14359612	31.05107679	0	45.51720788	41.23606726	1	100	100	11581	90
sim284	0	1	0	0	0	5.61932	5.61932	5.61932	5.61932	5.61932	1000000	1000000	1000000	1000000	1000000	0.000000114577	0.000000111093	0.000000126940	0.000000108452	0.000000101653	.01786	.00253	.00191	.00473	.00144	.00023	499	.00231	100.00000985	499	18.59945996	0	0.00027	0.00017	0.00013	0.00013:7e-05	0	0.00018	0.00014	0.00014:6e-05	0.00029	0	0.00012	0.00015:7e-05	0.00027	0.00016	0	0.00013:9e-05	3e-04	0.00015	0.00012	0	0.003859	0.013619	0.009251	0.005679	0.005763	19.1740666	0	23.86242694	21.69601512	14.41903177	0.466791	100	100	31269	150
sim289	0	1	0	0	0	5.28884	5.28884	5.28884	5.28884	5.28884	1000000	1000000	1000000	1000000	1000000	0.000000090121	0.000000075683	0.000000077058	0.000000065846	0.000000085573	.01218	.00486	.00213	.00239	.00027	.00400	499	.00311	100.00000975	42	22.01762282	0	3e-05	1e-05	0	0:1e-05	0	2e-05	0	1e-05:1e-05	3e-05	0	0	0:1e-05	2e-05	0	0	1e-05:1e-05	4e-05	0	0	0	0.000178	0.000769	0.000193	9e-05	0.00018	42.96632691	0	33.97061409	46.36883428	36.4998439	1	100	100	1168	12
sim293	0	0	1	0	0	5.65448	5.65448	5.65448	5.65448	5.65448	1000000	1000000	1000000	1000000	1000000	0.000000126321	0.000000133332	0.000000141870	0.000000129431	0.000000142719	.02137	.00097	.00221	.00372	.00152	.00387	499	.00054	100.00000999	499	14.25742757	0	1e-05	1e-04	0	0:0	0	0.00013	1e-05	0:0	0	0	1e-05	0:0	0	0.00012	0	0:0	0	0.00012	1e-05	0	0.000293	0.000732	0.029996	0.001077	0.000607	68.51515208	58.43464771	0	43.19465161	22.20327645	0.465485	100	100	26700	135
sim294	0	1	0	0	0	2.48192	2.48192	2.48192	2.48192	2.48192	1000000	1000000	1000000	1000000	1000000	0.000000122606	0.000000123698	0.000000123276	0.000000121961	0.000000131516	.04848	.00092	.00136	.00119	.00066	.00451	499	.00376	100.00000955	254	15.02486091	0	8e-05	4e-05	4e-05	9e-05:5e-05	0	5e-05	3e-05	1e-04:5e-05	0.00012	0	4e-05	0.00011:5e-05	1e-04	4e-05	0	1e-04:5e-05	1e-04	6e-05	3e-05	0	0.001408	0.003381	0.001478	0.001071	0.003869	29.33172295	0	32.68828026	13.61677867	7.02025488	1	100	100	6826	65
sim298	0	1	0	0	0	5.20718	5.20718	5.20718	5.20718	5.20718	1000000	1000000	1000000	1000000	1000000	0.000000100290	0.000000109142	0.000000106018	0.000000120494	0.000000106695	.01855	.00071	.00241	.00181	.00459	.00194	499	.00278	100.00000826	34	16.37113696	0	0	1e-05	0	2e-05:0	0	0	0	1e-05:0	0	0	0	1e-05:0	0	0	0	1e-05:0	0	0	0	0	2.9e-05	6.2e-05	0.000197	5.6e-05	0.000655	74.48665561	0	57.23087104	66.25583125	6.27089955	1	100	100	784	9
sim299	0	0	1	0	0	5.54006	5.54006	5.54006	5.54006	5.54006	1000000	1000000	1000000	1000000	1000000	0.000000104873	0.000000101493	0.000000116119	0.000000105925	0.000000125648	.01798	.00095	.00034	.00298	.00114	.00470	499	.00284	100.00000975	499	19.39422036	0	0.00015	0.00061	0.00013	0.00019:0.00011	0	0.00059	0.00013	0.00016:0.00013	0.00015	0	0.00013	0.00018:0.00011	0.00016	0.00061	0	0.00016:0.00013	0.00014	0.00061	0.00015	0	0.00458	0.005069	0.024021	0.004977	0.007632	21.23976591	24.79430101	0	32.58648008	19.81594229	0.359769	100	100	37756	142
sim300	1	0	0	0	0	4.26068	4.26068	4.26068	4.26068	4.26068	1000000	1000000	1000000	1000000	1000000	0.000000154023	0.000000151339	0.000000156324	0.000000166251	0.000000155301	.03495	.00120	.00057	.00174	.00407	.00150	499	.00400	100.00000983	499	15.28400073	0	2e-04	0.00069	2e-04	0.00012:0.00014	0	0.00077	2e-04	0.00016:0.00012	0.00015	0	2e-04	0.00014:0.00013	0.00017	0.00072	0	0.00017:0.00012	0.00018	0.00075	0.00019	0	0.004709	0.006221	0.028893	0.0077	0.005724	0	44.78847374	2.99688096	43.03627955	39.6576082	0.496024	100	100	40662	190
sim302	0	0	0	1	0	7.12724	7.12724	7.12724	7.12724	7.12724	1000000	1000000	1000000	1000000	1000000	0.000000093509	0.000000095790	0.000000091157	0.000000115746	0.000000089233	.01136	.00176	.00208	.00143	.00488	.00116	499	.00040	100.00000991	274	12.39083118	0	0	0	1e-05	0:0	0	0	2e-05	0:0	0	0	1e-05	0:0	0	0	0	0:0	0	0	2e-05	0	1.5e-05	0.000152	1.9e-05	0.004703	0.000101	65.22078144	59.3274987	63.06338067	0	59.09822771	1	100	100	4261	51
sim304	1	0	0	0	0	6.29612	6.29612	6.29612	6.29612	6.29612	1000000	1000000	1000000	1000000	1000000	0.000000097338	0.000000099352	0.000000089719	0.000000102941	0.000000090160	.01164	.00382	.00414	.00261	.00471	.00268	499	.00162	100.00000996	78	14.64991984	0	1e-05	0	0	0:2e-05	0	0	0	0:2e-05	1e-05	0	0	0:1e-05	1e-05	0	0	0:2e-05	0	1e-05	0	0	0.001176	4e-04	0.000132	8.8e-05	4.7e-05	0	43.81865947	59.8169213	66.56976971	72.71466216	1	100	100	1558	12
sim307	0	0	1	0	0	5.25950	5.25950	5.25950	5.25950	5.25950	1000000	1000000	1000000	1000000	1000000	0.000000080470	0.000000061378	0.000000078419	0.000000074158	0.000000070319	.01063	.00467	.00104	.00428	.00347	.00274	499	.00139	100.00000866	21	20.13726137	0	0	1e-05	0	0:0	0	0	0	0:0	0	0	0	0:0	0	1e-05	0	0:0	0	1e-05	0	0	4e-06	4e-06	0.000366	6e-06	7.3e-05	68.70173258	82.37477943	0	86.10700081	32.81735392	1	100	100	375	6
sim308	0	0	0	1	0	5.22878	5.22878	5.22878	5.22878	5.22878	1000000	1000000	1000000	1000000	1000000	0.000000064941	0.000000062849	0.000000061908	0.000000070536	0.000000072157	.01157	.00085	.00045	.00027	.00192	.00223	499	.00126	100.00000860	34	21.09832101	0	0	0	0	0:0	0	0	0	1e-05:0	0	0	1e-05	1e-05:0	0	0	0	1e-05:0	0	0	0	0	5.6e-05	9e-06	1.2e-05	0.00028	0.000413	24.83124106	74.66597243	52.90745696	0	7.60831077	1	100	100	614	7
sim311	0	1	0	0	0	6.42428	6.42428	6.42428	6.42428	6.42428	1000000	1000000	1000000	1000000	1000000	0.000000084543	0.000000084415	0.000000095079	0.000000094629	0.000000088976	.01303	.00013	.00011	.00177	.00170	.00082	499	.00063	100.00000960	52	26.66951833	0	3e-05	0	0	0:0	0	0	0	0:0	2e-05	0	0	0:0	2e-05	0	0	0:0	3e-05	0	0	0	7.1e-05	0.003822	0.000105	9e-05	0.000136	64.00732452	0	52.93738053	60.63000777	29.04580494	1	100	100	3565	34
sim313	1	0	0	0	0	4.89422	4.89422	4.89422	4.89422	4.89422	1000000	1000000	1000000	1000000	1000000	0.000000076300	0.000000096171	0.000000075224	0.000000094017	0.000000082516	.01502	.00057	.00463	.00035	.00419	.00184	499	.00373	100.00000992	113	16.23826214	0	2e-05	2e-05	3e-05	1e-05:3e-05	0	2e-05	4e-05	1e-05:2e-05	1e-05	0	2e-05	1e-05:3e-05	1e-05	2e-05	0	1e-05:3e-05	2e-05	2e-05	3e-05	0	0.00061	0.000542	0.000397	0.000844	0.000255	0	18.68339616	17.3180562	18.72052989	15.15987004	1	100	100	2095	22
sim321	0	0	0	1	0	4.84772	4.84772	4.84772	4.84772	4.84772	1000000	1000000	1000000	1000000	1000000	0.000000143007	0.000000157260	0.000000161429	0.000000153139	0.000000147079	.02938	.00012	.00306	.00392	.00221	.00096	499	.00128	100.00000983	499	15.21191734	0	8e-05	2e-05	0.00029	4e-05:3e-05	0	1e-05	0.00026	4e-05:1e-05	7e-05	0	0.00028	3e-05:3e-05	7e-05	1e-05	0	4e-05:3e-05	7e-05	2e-05	0.00028	0	0.002632	0.009028	0.002747	0.032448	0.004324	50.69517028	35.3950734	21.74371568	0	44.50346096	0.425405	100	100	40400	166
sim324	1	0	0	0	0	7.31954	7.31954	7.31954	7.31954	7.31954	1000000	1000000	1000000	1000000	1000000	0.000000098301	0.000000119528	0.000000088932	0.000000108036	0.000000123553	.01193	.00150	.00440	.00022	.00283	.00495	499	.00379	100.00000983	278	14.26969774	0	4e-05	3e-05	4e-05	7e-05:9e-05	0	3e-05	3e-05	9e-05:9e-05	4e-05	0	4e-05	9e-05:8e-05	2e-05	3e-05	0	8e-05:8e-05	3e-05	4e-05	4e-05	0	0.002309	0.000946	0.000714	0.001171	0.002585	0	48.23823211	35.41267788	44.0193282	41.89571457	1	100	100	6641	62
sim325	1	0	0	0	0	5.02988	5.02988	5.02988	5.02988	5.02988	1000000	1000000	1000000	1000000	1000000	0.000000095919	0.000000109299	0.000000116290	0.000000115787	0.000000117347	.01863	.00044	.00310	.00449	.00439	.00470	499	.00172	100.00000998	43	17.12253640	0	1e-05	1e-05	0	0:2e-05	0	1e-05	0	0:1e-05	1e-05	0	0	0:2e-05	1e-05	1e-05	0	0:1e-05	0	0	0	0	0.000652	0.00035	0.000195	0.000126	9.9e-05	0	49.95665849	30.07111547	68.42694989	63.56493682	1	100	100	1158	16
sim328	0	1	0	0	0	2.51012	2.51012	2.51012	2.51012	2.51012	1000000	1000000	1000000	1000000	1000000	0.000000100630	0.000000091870	0.000000095811	0.000000094280	0.000000095334	.03615	.00394	.00045	.00202	.00141	.00183	499	.00242	100.00000881	22	21.76331636	0	1e-05	0	1e-05	0:0	0	0	1e-05	0:0	1e-05	0	1e-05	1e-05:0	1e-05	1e-05	0	0:0	1e-05	0	1e-05	0	0.000106	0.000464	8.8e-05	0.00034	0.000156	51.98125654	0	15.57204818	24.08258103	28.78405508	1	100	100	721	4
sim334	1	0	0	0	0	3.98894	3.98894	3.98894	3.98894	3.98894	1000000	1000000	1000000	1000000	1000000	0.000000129321	0.000000135783	0.000000130278	0.000000141368	0.000000133031	.03109	.00133	.00295	.00157	.00435	.00226	499	.00075	100.00000992	166	17.22322414	0	0	0	0	0:5e-05	0	0	0	0:5e-05	0	0	0	0:5e-05	0	0	0	0:5e-05	0	0	0	0	0.008234	0.00027	0.00018	0.000478	0.000359	0	33.22591503	66.70582813	50.41484474	54.17630572	1	100	100	7102	54
sim339	1	0	0	0	0	4.10684	4.10684	4.10684	4.10684	4.10684	1000000	1000000	1000000	1000000	1000000	0.000000145094	0.000000143000	0.000000139591	0.000000151378	0.000000147764	.03283	.00250	.00199	.00116	.00403	.00315	499	.00370	100.00000988	499	15.48564198	0	0.00017	0.00018	0.00017	0.00015:0.00044	0	0.00018	0.00017	0.00015:4e-04	0.00015	0	0.00016	0.00014:0.00046	0.00018	2e-04	0	0.00013:0.00047	0.00015	0.00017	0.00016	0	0.016969	0.006178	0.006676	0.006921	0.005386	0	28.82159107	25.59251014	35.96352876	41.68270134	0.478428	100	100	31789	151
sim340	0	1	0	0	0	7.48412	7.48412	7.48412	7.48412	7.48412	1000000	1000000	1000000	1000000	1000000	0.000000091680	0.000000120120	0.000000110914	0.000000121542	0.000000118997	.01148	.00077	.00457	.00334	.00476	.00442	499	.00339	100.00000996	499	16.49451146	0	0.00054	0.00013	0.00011	0.00013:8e-05	0	0.00014	0.00011	1e-04:8e-05	0.00055	0	1e-04	1e-04:7e-05	0.00057	0.00013	0	0.00013:8e-05	0.00052	0.00014	1e-04	0	0.002053	0.018812	0.00478	0.003911	0.003834	38.23583122	0	12.23436123	42.68268895	9.34632317	0.342015	100	100	28942	103
sim344	0	0	1	0	0	3.04478	3.04478	3.04478	3.04478	3.04478	1000000	1000000	1000000	1000000	1000000	0.000000096641	0.000000096275	0.000000105806	0.000000110160	0.000000098315	.03152	.00022	.00010	.00323	.00466	.00077	499	.00499	100.00000871	49	18.45952662	0	3e-05	1e-05	2e-05	1e-05:1e-05	0	1e-05	3e-05	0:2e-05	2e-05	0	2e-05	1e-05:1e-05	2e-05	2e-05	0	1e-05:2e-05	2e-05	1e-05	2e-05	0	0.000291	0.000502	0.000237	0.000508	0.000114	34.35167036	12.87329226	0	9.91283735	54.80373265	1	100	100	1096	14
sim347	0	0	0	1	0	3.90194	3.90194	3.90194	3.90194	3.90194	1000000	1000000	1000000	1000000	1000000	0.000000061689	0.000000071951	0.000000065357	0.000000066840	0.000000069805	.01499	.00082	.00345	.00176	.00214	.00290	499	.00262	100.00000890	60	21.28616184	0	1e-05	0	3e-05	0:0	0	0	3e-05	0:1e-05	1e-05	0	2e-05	0:0	1e-05	0	0	1e-05:0	0	0	3e-05	0	0.000131	0.000176	7.1e-05	0.000723	0.000122	25.936885	14.06616503	44.87776408	0	27.65540553	1	100	100	907	6
sim350	1	0	0	0	0	6.36476	6.36476	6.36476	6.36476	6.36476	1000000	1000000	1000000	1000000	1000000	0.000000103490	0.000000086624	0.000000106164	0.000000089743	0.000000093498	.01211	.00415	.00150	.00457	.00199	.00258	499	.00363	100.00000964	110	15.29458764	0	1e-05	1e-05	1e-05	1e-05:5e-05	0	1e-05	2e-05	1e-05:4e-05	1e-05	0	1e-05	0:5e-05	1e-05	1e-05	0	1e-05:5e-05	0	1e-05	1e-05	0	0.001484	0.000201	0.000306	0.000403	0.000118	0	46.14157742	17.81886655	46.81612223	14.23182052	1	100	100	2121	14
sim354	0	0	1	0	0	4.63568	4.63568	4.63568	4.63568	4.63568	1000000	1000000	1000000	1000000	1000000	0.000000138096	0.000000146904	0.000000140600	0.000000145699	0.000000133693	.02714	.00265	.00455	.00319	.00429	.00170	499	.00211	100.00000985	499	14.98521265	0	4e-05	0.00033	4e-05	7e-05:3e-05	0	0.00036	4e-05	6e-05:3e-05	5e-05	0	3e-05	6e-05:5e-05	4e-05	0.00032	0	5e-05:3e-05	5e-05	0.00035	4e-05	0	0.002208	0.003129	0.023215	0.002164	0.003856	26.38830352	45.59416046	0	47.54909652	38.33654929	0.49504	100	100	27157	125
sim355	0	0	0	0	1	3.58148	3.58148	3.58148	3.58148	3.58148	1000000	1000000	1000000	1000000	1000000	0.000000096234	0.000000100066	0.000000093870	0.000000092437	0.000000092796	.02364	.00323	.00430	.00257	.00217	.00227	499	.00277	100.00000581	49	20.00468534	0	0	0	0	2e-05:0	0	0	0	2e-05:1e-05	1e-05	0	0	2e-05:1e-05	0	0	0	2e-05:1e-05	0	0	0	0	0.000269	0.000154	4.1e-05	4.9e-05	0.000879	26.37708145	30.84367138	40.72511306	53.1844214	0	1	100	100	992	8
sim356	0	0	0	1	0	4.38080	4.38080	4.38080	4.38080	4.38080	1000000	1000000	1000000	1000000	1000000	0.000000068384	0.000000083673	0.000000066631	0.000000069654	0.000000075174	.01486	.00075	.00424	.00035	.00104	.00230	499	.00227	100.00000993	24	22.44840183	0	0	0	1e-05	0:0	0	0	2e-05	0:0	0	0	1e-05	0:0	0	0	0	0:0	0	0	1e-05	0	8.1e-05	8.9e-05	2.3e-05	0.000403	6.8e-05	50.72208332	22.67456853	45.33388189	0	45.87100734	1	100	100	504	5
sim358	0	0	0	1	0	2.32886	2.32886	2.32886	2.32886	2.32886	1000000	1000000	1000000	1000000	1000000	0.000000107593	0.000000114626	0.000000110783	0.000000106987	0.000000113205	.04425	.00195	.00497	.00332	.00169	.00436	499	.00342	100.00000969	79	17.34489016	0	1e-05	0	5e-05	0:1e-05	0	0	4e-05	1e-05:1e-05	1e-05	0	4e-05	0:1e-05	1e-05	1e-05	0	1e-05:1e-05	2e-05	0	5e-05	0	0.000369	0.000478	0.000142	0.001495	0.000293	22.82658751	28.78443905	19.17580487	0	26.60151864	1	100	100	1544	16
sim360	0	0	1	0	0	3.27368	3.27368	3.27368	3.27368	3.27368	1000000	1000000	1000000	1000000	1000000	0.000000102793	0.000000101778	0.000000101320	0.000000101680	0.000000103350	.02796	.00344	.00313	.00299	.00310	.00361	499	.00031	100.00000930	189	16.82856044	0	0	1e-05	0	0:0	0	1e-05	0	0:0	0	0	0	0:0	0	2e-05	0	0:0	0	2e-05	0	0	6.1e-05	0.000205	0.004752	0.000194	0.000153	56.81318471	20.61451463	0	61.0656125	37.51191869	1	100	100	3725	36
sim363	0	0	1	0	0	5.55578	5.55578	5.55578	5.55578	5.55578	1000000	1000000	1000000	1000000	1000000	0.000000103670	0.000000127727	0.000000122949	0.000000106837	0.000000128227	.01845	.00021	.00454	.00368	.00078	.00463	499	.00321	100.00000996	265	13.58795921	0	2e-05	0.00013	1e-05	4e-05:2e-05	0	0.00014	2e-05	4e-05:2e-05	2e-05	0	2e-05	3e-05:2e-05	3e-05	0.00013	0	4e-05:2e-05	2e-05	0.00013	2e-05	0	0.000626	0.000886	0.004942	0.00068	0.001481	34.06947375	45.3854853	0	49.59883451	43.67104102	1	100	100	7119	79
sim368	0	0	0	1	0	2.80694	2.80694	2.80694	2.80694	2.80694	1000000	1000000	1000000	1000000	1000000	0.000000040055	0.000000049626	0.000000041065	0.000000044377	0.000000041205	.01307	.00120	.00461	.00156	.00274	.00161	499	.00118	100.00000840	28	20.20432285	0	1e-05	0	0	0:0	0	0	0	0:0	0	0	0	0:0	1e-05	0	0	0:0	0	0	0	0	1e-05	0.000312	1e-06	1e-05	2e-06	53.13997586	3.44233528	41.75093902	0	55.66495664	1	100	100	222	2
sim369	0	0	0	1	0	7.67222	7.67222	7.67222	7.67222	7.67222	1000000	1000000	1000000	1000000	1000000	0.000000111784	0.000000137332	0.000000131348	0.000000138943	0.000000120607	.01362	.00095	.00428	.00350	.00449	.00210	499	.00421	100.00000969	177	11.44014582	0	2e-05	3e-05	7e-05	2e-05:1e-05	0	2e-05	9e-05	1e-05:2e-05	2e-05	0	7e-05	1e-05:1e-05	3e-05	2e-05	0	3e-05:1e-05	3e-05	2e-05	8e-05	0	0.000391	0.00087	0.000735	0.002321	0.000433	62.66312468	57.35678585	51.87110273	0	47.31873677	1	100	100	4101	43
sim370	1	0	0	0	0	4.22882	4.22882	4.22882	4.22882	4.22882	1000000	1000000	1000000	1000000	1000000	0.000000143653	0.000000138789	0.000000142553	0.000000132784	0.000000140608	.02989	.00408	.00293	.00382	.00151	.00336	499	.00407	100.00000969	151	12.36494861	0	1e-05	1e-05	1e-05	1e-05:7e-05	0	2e-05	2e-05	1e-05:8e-05	1e-05	0	1e-05	1e-05:7e-05	1e-05	2e-05	0	1e-05:8e-05	1e-05	2e-05	1e-05	0	0.002787	0.000311	0.00057	0.000469	0.000341	0	57.07547566	56.86784871	45.38305287	67.29948828	1	100	100	3429	46
sim378	0	1	0	0	0	2.50190	2.50190	2.50190	2.50190	2.50190	1000000	1000000	1000000	1000000	1000000	0.000000112335	0.000000112110	0.000000112485	0.000000106630	0.000000103753	.03998	.00492	.00483	.00498	.00264	.00149	499	.00367	100.00000970	67	14.76556953	0	2e-05	0	1e-05	1e-05:0	0	0	1e-05	0:0	2e-05	0	0	0:1e-05	3e-05	1e-05	0	1e-05:1e-05	2e-05	0	0	0	0.000121	0.000611	0.000237	0.000167	0.000167	64.22173695	0	43.3228009	35.32206423	47.30335685	1	100	100	801	12
sim381	0	0	0	0	1	2.65790	2.65790	2.65790	2.65790	2.65790	1000000	1000000	1000000	1000000	1000000	0.000000075510	0.000000075537	0.000000084335	0.000000085610	0.000000084946	.02741	.00100	.00101	.00432	.00480	.00455	499	.00388	100.00000952	30	16.37295761	0	0	0	0	0:0	0	1e-05	0	0:0	0	0	0	1e-05:0	1e-05	1e-05	0	0:0	0	1e-05	0	0	7e-06	7.9e-05	0.000169	6.2e-05	0.000176	64.08999589	37.08173733	14.06888704	53.76156372	0	1	100	100	282	2
sim388	0	0	0	0	1	3.11660	3.11660	3.11660	3.11660	3.11660	1000000	1000000	1000000	1000000	1000000	0.000000145046	0.000000143519	0.000000146355	0.000000140620	0.000000147134	.04350	.00304	.00255	.00346	.00162	.00371	499	.00477	100.00000999	419	12.67029129	0	4e-05	8e-05	7e-05	0.00018:7e-05	0	8e-05	8e-05	0.00016:6e-05	5e-05	0	8e-05	0.00018:7e-05	3e-05	1e-04	0	0.00019:8e-05	5e-05	8e-05	9e-05	0	0.002087	0.001396	0.002561	0.002698	0.005692	39.49899245	42.23739589	22.21324241	20.78851785	0	1	100	100	9665	105
sim391	0	0	1	0	0	6.29816	6.29816	6.29816	6.29816	6.29816	1000000	1000000	1000000	1000000	1000000	0.000000079608	0.000000085277	0.000000090882	0.000000065626	0.000000090063	.01019	.00245	.00335	.00424	.00023	.00411	499	.00110	100.00000959	475	14.78064392	0	1e-05	9e-05	0	1e-05:1e-05	0	9e-05	1e-05	1e-05:1e-05	0	0	0	1e-05:1e-05	1e-05	8e-05	0	1e-05:1e-05	0	1e-04	0	0	0.000747	0.000508	0.006538	0.000237	0.000741	35.74479593	31.37624222	0	28.98215731	42.5428266	1	100	100	7349	77
sim393	0	0	1	0	0	5.49866	5.49866	5.49866	5.49866	5.49866	1000000	1000000	1000000	1000000	1000000	0.000000091882	0.000000094906	0.000000092047	0.000000089958	0.000000116021	.01615	.00056	.00111	.00059	.00021	.00495	499	.00084	100.00000995	69	23.64299484	0	0	3e-05	0	0:0	0	3e-05	0	0:0	0	0	0	0:0	1e-05	3e-05	0	0:0	0	3e-05	0	0	0.000254	0.000342	0.003405	9e-05	0.000145	40.49279794	25.94440281	0	56.18840379	56.57474465	1	100	100	3488	39
