p_sample
0.00743302
0.010107
0.00949236
0.0105541
0.00863345
0.00552819
0.0104393
0.00542005
0.0091073
0.00719424
0.0056391
0.0110638
0.00280137
0.00891902
0.014526
0.00854701
0.00879854
0.00993204
0.0100455
0.00990157
0.0137037
0.0101734
0.012884
0.00827815
0.0097994
0.013541
0.0141732
0.00977292
0.00465116
0.00262793
0.00887574
0.00885936
0.00850993
0.00578475
0.0124702
0.0116343
0.0110497
0.0127077
0.00343138
0.00967742
0.00997783
0.0130862
0.0063929
0.0111614
0.0131827
0.0132341
0.0168919
0.00762389
0.00970874
0.00862927
0.0145228
0.0049307
0.00877193
0.00725815
0.00813659
0.00686106
0.0172414
0.0101695
0.00374585
0.0117188
0.00873839
0.00950054
0.0112518
0.00692205
0.00823045
0.0124717
0.00995493
0.00882613
0.0105857
0.00607544
0.0111745
0.00666325
0.00860902
0.0027809
0.0103017
0.0134745
0.00742881
0.00353861
0.00577687
0.0108303
0.0121325
0.0207135
0.0351906
0.00655325
0.00860507
0.00541446
0.00956298
0.00909314
0.0126582
0.0102857
0.00863558
0.00672646
0.00490247
0.0101661
0.00655142
0.0114338
0.0114965
0.0082553
0.00675676
0.0101547
0.0186667
0.022293
0.0105116
0.00451578
0.00319208
0.00979478
0.0093974
0.00992195
0.0114888
0.0148402
0.00402198
0.00850547
0.00978145
0.0106277
0.00201194
0.00289738
0.00639386
0.00951707
0.00884956
0.0137398
0.00771265
0.0106329
0.00427062
0.0106075
0.0109938
0.00800534
0.00947867
0.0139887
0.010582
0.0101923
0.00338608
0.00902935
0.00817694
0.00988947
0.00770713
0.00815982
0.00857143
0.00945569
