sim73	0,0,0,0,1	3.63002,3.63002,3.63002,3.63002,3.63002	1000000,1000000,1000000,1000000,1000000	0.000000162624,0.000000162624,0.000000162624,0.000000162624,0.000000162624	.04299	.00181,.00181,.00181,.00181,.00181	499	.00019	100.00000997	430	12.82738780	0,0,0,0,3e-05:0,0,0,0,3e-05:0,0,0,0,2e-05:0,0,0,0,4e-05:0,0,0,0,0	9.3e-05,0.000158,0.000266,0.000167,0.022846	46.25355798,76.00226009,56.66353295,63.36905646,0	1	100	100	16967	168
sim76	0,0,0,0,1	2.54126,2.54126,2.54126,2.54126,2.54126	1000000,1000000,1000000,1000000,1000000	0.000000133390,0.000000133390,0.000000133390,0.000000133390,0.000000133390	.04855	.00394,.00394,.00394,.00394,.00394	499	.00201	100.00000992	168	13.24439581	0,1e-05,2e-05,1e-05,0:3e-05,0,2e-05,1e-05,0:4e-05,1e-05,0,1e-05,0:4e-05,1e-05,2e-05,0,0:3e-05,1e-05,2e-05,1e-05,0	0.002164,0.000448,0.001219,5e-04,0.000227	24.64726891,58.1871013,3.79598331,54.06890487,0	1	100	100	2700	37
sim83	0,1,0,0,0	3.42566,3.42566,3.42566,3.42566,3.42566	1000000,1000000,1000000,1000000,1000000	0.000000160492,0.000000160492,0.000000160492,0.000000160492,0.000000160492	.04473	.00212,.00212,.00212,.00212,.00212	499	.00376	100.00000989	499	12.53262105	0,6e-05,0.00024,6e-05,0.00015:6e-05,0,0.00021,7e-05,0.00015:8e-05,6e-05,0,6e-05,0.00013:8e-05,5e-05,0.00024,0,0.00014:6e-05,5e-05,2e-04,6e-05,0	0.002612,0.002433,0.009474,0.002537,0.006499	35.50196124,0,1.24729182,44.69018662,25.04107231	0.96332	100	100	16612	169
sim84	0,1,0,0,0	3.54926,3.54926,3.54926,3.54926,3.54926	1000000,1000000,1000000,1000000,1000000	0.000000132990,0.000000132990,0.000000132990,0.000000132990,0.000000132990	.03526	.00221,.00221,.00221,.00221,.00221	499	.00250	100.00000996	129	14.84565355	0,1e-05,6e-05,1e-05,1e-05:1e-05,0,6e-05,1e-05,2e-05:1e-05,1e-05,0,1e-05,2e-05:1e-05,1e-05,5e-05,0,1e-05:1e-05,0,7e-05,1e-05,0	0.000762,0.000406,0.003187,0.000466,0.000715	52.13900274,0,18.93940727,49.03615482,40.84912918	1	100	100	4036	52
sim85	0,0,1,0,0	3.08966,3.08966,3.08966,3.08966,3.08966	1000000,1000000,1000000,1000000,1000000	0.000000085738,0.000000085738,0.000000085738,0.000000085738,0.000000085738	.02400	.00375,.00375,.00375,.00375,.00375	499	.00261	100.00000899	41	17.39490060	0,0,2e-05,0,0:0,0,2e-05,0,0:1e-05,0,0,0,0:1e-05,0,1e-05,0,0:1e-05,0,1e-05,0,0	0.000265,5.5e-05,0.000482,2.9e-05,4.9e-05	29.94375536,36.81146969,0,55.28890853,59.01323249	1	100	100	604	5
sim94	0,0,0,0,1	4.31066,4.31066,4.31066,4.31066,4.31066	1000000,1000000,1000000,1000000,1000000	0.000000131044,0.000000131044,0.000000131044,0.000000131044,0.000000131044	.02862	.00178,.00178,.00178,.00178,.00178	499	.00076	100.00000993	239	15.34829666	0,0,0,1e-05,6e-05:0,0,0,0,5e-05:0,0,0,0,5e-05:0,0,0,0,6e-05:1e-05,0,0,0,0	0.000242,0.00037,0.000518,0.000536,0.009628	59.95867254,57.23855703,58.23975799,53.39431532,0	1	100	100	8674	85
sim96	1,0,0,0,0	3.06584,3.06584,3.06584,3.06584,3.06584	1000000,1000000,1000000,1000000,1000000	0.000000147620,0.000000147620,0.000000147620,0.000000147620,0.000000147620	.04494	.00321,.00321,.00321,.00321,.00321	499	.00435	100.00000935	70	12.89628869	0,2e-05,2e-05,1e-05,1e-05:0,0,1e-05,1e-05,3e-05:1e-05,2e-05,0,1e-05,2e-05:0,2e-05,1e-05,0,1e-05:0,1e-05,2e-05,1e-05,0	0.00018,0.000642,0.000486,0.00029,0.000598	0,39.76058846,1.33695396,46.35258605,24.73661778	1	100	100	1477	20
sim99	0,0,0,1,0	2.96678,2.96678,2.96678,2.96678,2.96678	1000000,1000000,1000000,1000000,1000000	0.000000103807,0.000000103807,0.000000103807,0.000000103807,0.000000103807	.03279	.00220,.00220,.00220,.00220,.00220	499	.00030	100.00000932	28	17.92373367	0,0,0,0,0:0,0,0,0,0:0,0,0,0,0:0,0,0,0,0:0,0,0,0,0	0,3e-06,2.4e-05,0.000897,0	95.82869977,80.16769784,72.35926549,0,99.5867626	1	100	100	635	9
sim101	0,0,0,0,1	4.32824,4.32824,4.32824,4.32824,4.32824	1000000,1000000,1000000,1000000,1000000	0.000000098597,0.000000098597,0.000000098597,0.000000098597,0.000000098597	.01932	.00346,.00346,.00346,.00346,.00346	499	.00043	100.00000995	187	15.11480297	0,0,0,0,1e-05:0,0,0,0,2e-05:0,0,0,0,1e-05:0,0,0,0,2e-05:0,0,0,0,0	2.8e-05,0.000169,4.9e-05,0.000129,0.004099	68.38907259,58.21649847,61.02083307,69.94252773,0	1	100	100	3479	34
sim102	0,0,1,0,0	3.07118,3.07118,3.07118,3.07118,3.07118	1000000,1000000,1000000,1000000,1000000	0.000000066675,0.000000066675,0.000000066675,0.000000066675,0.000000066675	.01771	.00400,.00400,.00400,.00400,.00400	499	.00272	100.00000739	22	18.39965929	0,0,1e-05,0,0:0,0,1e-05,0,0:0,0,0,0,0:0,0,1e-05,0,0:0,0,1e-05,0,0	6e-06,3.1e-05,0.000228,2.5e-05,1.2e-05	71.99017657,47.02810535,0,61.60154519,52.80498306	1	100	100	215	1
