sim340	0,0,0,1,0	3.94592,3.94592,3.94592,3.94592,3.94592	1000000,1000000,1000000,1000000,1000000	0.000000115220,0.000000115220,0.000000115220,0.000000115220,0.000000115220	.02503	.00417,.00417,.00417,.00417,.00417	499	.00186	100.00000962	379	13.40450011	0,1e-05,1e-05,7e-05,2e-05:2e-05,0,1e-05,6e-05,3e-05:2e-05,0,0,8e-05,2e-05:2e-05,1e-05,1e-05,0,1e-05:2e-05,1e-05,1e-05,6e-05,0	0.001098,0.000815,0.000641,0.004552,0.001286	37.20096132,30.66597951,28.13035753,0,25.51171671	1	100	100	6204	63
sim341	0,0,1,0,0	5.12384,5.12384,5.12384,5.12384,5.12384	1000000,1000000,1000000,1000000,1000000	0.000000068710,0.000000068710,0.000000068710,0.000000068710,0.000000068710	.01001	.00340,.00340,.00340,.00340,.00340	499	.00384	100.00000999	37	17.86975232	0,0,1e-05,0,0:1e-05,0,1e-05,0,1e-05:0,0,0,0,0:0,1e-05,1e-05,0,0:0,1e-05,1e-05,0,0	4.4e-05,0.00011,0.000237,3.9e-05,4.5e-05	42.84507075,31.59708165,0,62.37961888,42.97864856	1	100	100	375	7
sim343	1,0,0,0,0	3.59636,3.59636,3.59636,3.59636,3.59636	1000000,1000000,1000000,1000000,1000000	0.000000095015,0.000000095015,0.000000095015,0.000000095015,0.000000095015	.02202	.00440,.00440,.00440,.00440,.00440	499	.00222	100.00000981	31	15.56316510	0,0,0,0,0:1e-05,0,0,0,0:1e-05,0,0,0,0:0,0,0,0,0:1e-05,0,0,0,0	0.000379,1.8e-05,1.6e-05,3.6e-05,1.6e-05	0,60.38261149,68.68196178,49.99696724,33.07258166	1	100	100	314	7
sim345	0,1,0,0,0	5.89622,5.89622,5.89622,5.89622,5.89622	1000000,1000000,1000000,1000000,1000000	0.000000139563,0.000000139563,0.000000139563,0.000000139563,0.000000139563	.02208	.00159,.00159,.00159,.00159,.00159	499	.00020	100.00000992	246	15.07639856	0,2e-05,0,0,0:0,0,0,0,0:0,2e-05,0,0,0:0,3e-05,0,0,0:0,2e-05,0,0,0	0.000207,0.01253,1.5e-05,8.3e-05,4.6e-05	56.38980597,0,72.76096873,63.02558909,72.20967093	1	100	100	10750	113
sim350	0,0,1,0,0	6.64184,6.64184,6.64184,6.64184,6.64184	1000000,1000000,1000000,1000000,1000000	0.000000133102,0.000000133102,0.000000133102,0.000000133102,0.000000133102	.01573	.00431,.00431,.00431,.00431,.00431	499	.00250	100.00000994	499	14.07690216	0,4e-05,3e-04,5e-05,4e-05:7e-05,0,0.00028,6e-05,3e-05:7e-05,3e-05,0,6e-05,3e-05:8e-05,5e-05,3e-04,0,3e-05:7e-05,4e-05,0.00029,7e-05,0	0.003203,0.001957,0.016205,0.003361,0.001702	37.28656814,49.91179223,0,38.77666043,45.7713944	0.457379	100	100	22366	101
sim355	0,0,1,0,0	3.13784,3.13784,3.13784,3.13784,3.13784	1000000,1000000,1000000,1000000,1000000	0.000000144560,0.000000144560,0.000000144560,0.000000144560,0.000000144560	.04301	.00306,.00306,.00306,.00306,.00306	499	.00456	100.00000992	499	17.56438861	0,0.00052,0.00029,0.00051,0.00023:2e-04,0,0.00028,5e-04,0.00026:0.00022,0.00052,0,0.00049,0.00025:0.00022,0.00052,0.00028,0,0.00022:2e-04,0.00054,0.00027,5e-04,0	0.006788,0.016295,0.008745,0.016105,0.007376	33.05113808,14.58314531,0,7.59558061,37.23514633	0.31824	100	100	37593	120
sim361	1,0,0,0,0	2.93036,2.93036,2.93036,2.93036,2.93036	1000000,1000000,1000000,1000000,1000000	0.000000098489,0.000000098489,0.000000098489,0.000000098489,0.000000098489	.03267	.00094,.00094,.00094,.00094,.00094	499	.00472	100.00000961	49	23.75122547	0,2e-05,3e-05,5e-05,2e-05:5e-05,0,2e-05,4e-05,1e-05:4e-05,2e-05,0,3e-05,2e-05:6e-05,2e-05,2e-05,0,2e-05:5e-05,2e-05,2e-05,4e-05,0	0.001049,0.00051,0.000478,0.000831,0.000347	0,3.21433909,20.59860295,6.08245335,4.5198362	1	100	100	2144	21
sim373	0,1,0,0,0	5.62610,5.62610,5.62610,5.62610,5.62610	1000000,1000000,1000000,1000000,1000000	0.000000111115,0.000000111115,0.000000111115,0.000000111115,0.000000111115	.01855	.00120,.00120,.00120,.00120,.00120	499	.00319	100.00000993	232	17.68991769	0,6e-05,8e-05,8e-05,3e-05:0.00013,0,7e-05,7e-05,2e-05:0.00011,8e-05,0,6e-05,3e-05:0.00011,9e-05,8e-05,0,3e-05:0.00012,7e-05,7e-05,6e-05,0	0.004115,0.002532,0.002634,0.002114,0.001127	20.79961506,0,33.2840608,15.62538417,50.72370125	1	100	100	10322	97
sim375	0,0,1,0,0	3.30188,3.30188,3.30188,3.30188,3.30188	1000000,1000000,1000000,1000000,1000000	0.000000121740,0.000000121740,0.000000121740,0.000000121740,0.000000121740	.03402	.00285,.00285,.00285,.00285,.00285	499	.00109	100.00000989	322	14.49067371	0,2e-05,7e-05,0,0:0,0,6e-05,0,1e-05:0,1e-05,0,0,0:0,2e-05,6e-05,0,1e-05:0,1e-05,7e-05,0,0	0.000444,0.001923,0.007423,0.000389,0.000746	36.89570972,32.79198043,0,34.61519975,41.3709717	1	100	100	7559	75
sim379	0,1,0,0,0	3.75104,3.75104,3.75104,3.75104,3.75104	1000000,1000000,1000000,1000000,1000000	0.000000112793,0.000000112793,0.000000112793,0.000000112793,0.000000112793	.02534	.00473,.00473,.00473,.00473,.00473	499	.00390	100.00000966	150	13.25222183	0,4e-05,2e-05,1e-05,1e-05:3e-05,0,2e-05,2e-05,2e-05:2e-05,3e-05,0,1e-05,2e-05:2e-05,4e-05,2e-05,0,1e-05:3e-05,3e-05,1e-05,1e-05,0	0.000794,0.000993,0.000386,0.000285,0.000399	26.09695808,0,44.21876428,49.65805759,25.02086213	1	100	100	2089	24
