sim143	0,0,0,0,1	3.88748,3.88748,3.88748,3.88748,3.88748	1000000,1000000,1000000,1000000,1000000	0.000000077555,0.000000077555,0.000000077555,0.000000077555,0.000000077555	.01509	.00486,.00486,.00486,.00486,.00486	499	.00319	100.00000976	42	18.38212620	0,0,0,0,2e-05:0,0,0,1e-05,1e-05:0,0,0,1e-05,2e-05:0,0,1e-05,0,2e-05:0,0,1e-05,1e-05,0	8e-06,6.7e-05,8.4e-05,0.000167,0.000474	58.51726667,45.45692251,38.79141907,17.49596707,0	1	100	100	620	6
sim144	0,0,0,1,0	3.83294,3.83294,3.83294,3.83294,3.83294	1000000,1000000,1000000,1000000,1000000	0.000000096321,0.000000096321,0.000000096321,0.000000096321,0.000000096321	.02272	.00241,.00241,.00241,.00241,.00241	499	.00240	100.00000953	33	20.04411115	0,0,0,1e-05,2e-05:0,0,0,0,2e-05:0,0,0,0,2e-05:1e-05,0,0,0,1e-05:0,0,0,1e-05,0	0.000183,2.8e-05,3.9e-05,0.000209,0.000745	33.38753202,54.27661493,70.03587746,0,13.69014847	1	100	100	902	9
sim149	0,0,1,0,0	4.45712,4.45712,4.45712,4.45712,4.45712	1000000,1000000,1000000,1000000,1000000	0.000000104653,0.000000104653,0.000000104653,0.000000104653,0.000000104653	.01855	.00493,.00493,.00493,.00493,.00493	499	.00022	100.00000988	126	14.30064761	0,0,0,0,0:0,0,0,0,0:0,0,0,0,0:0,0,1e-05,0,0:0,0,0,0,0	1.5e-05,0,0.002326,6e-06,2.3e-05	72.33669128,64.45451115,0,84.19736362,58.19901307	1	100	100	1834	24
sim152	1,0,0,0,0	2.82596,2.82596,2.82596,2.82596,2.82596	1000000,1000000,1000000,1000000,1000000	0.000000144660,0.000000144660,0.000000144660,0.000000144660,0.000000144660	.04886	.00233,.00233,.00233,.00233,.00233	499	.00393	100.00000999	499	16.07416983	0,0.00018,0.00012,0.00013,0.00014:0.00038,0,0.00012,0.00015,0.00015:0.00039,0.00016,0,0.00014,0.00011:0.00036,0.00016,0.00012,0,0.00014:0.00038,0.00017,1e-04,0.00017,0	0.013924,0.006508,0.003898,0.005679,0.004862	0,24.16409843,24.91291821,28.12364635,28.35884645	0.642214	100	100	22525	144
sim153	0,0,0,1,0	4.69610,4.69610,4.69610,4.69610,4.69610	1000000,1000000,1000000,1000000,1000000	0.000000092372,0.000000092372,0.000000092372,0.000000092372,0.000000092372	.01817	.00150,.00150,.00150,.00150,.00150	499	.00358	100.00000989	200	19.71734855	0,6e-05,5e-05,0.00011,5e-05:7e-05,0,5e-05,0.00013,4e-05:7e-05,5e-05,0,1e-04,4e-05:5e-05,5e-05,6e-05,0,4e-05:6e-05,7e-05,3e-05,9e-05,0	0.001514,0.001393,0.001281,0.003,0.001149	27.3142893,8.69450705,22.93835712,0,20.10302989	1	100	100	6630	74
sim156	0,0,1,0,0	7.76120,7.76120,7.76120,7.76120,7.76120	1000000,1000000,1000000,1000000,1000000	0.000000090262,0.000000090262,0.000000090262,0.000000090262,0.000000090262	.01084	.00079,.00079,.00079,.00079,.00079	499	.00425	100.00000985	38	22.88134104	0,2e-05,4e-05,1e-05,1e-05:2e-05,0,4e-05,1e-05,1e-05:2e-05,3e-05,0,0,1e-05:1e-05,2e-05,3e-05,0,1e-05:1e-05,2e-05,3e-05,1e-05,0	0.000384,0.00046,0.000654,0.00017,0.000159	35.73540121,42.40433326,0,42.81980282,54.21848931	1	100	100	1593	21
sim157	0,0,0,1,0	6.07820,6.07820,6.07820,6.07820,6.07820	1000000,1000000,1000000,1000000,1000000	0.000000122050,0.000000122050,0.000000122050,0.000000122050,0.000000122050	.01794	.00214,.00214,.00214,.00214,.00214	499	.00218	100.00000968	38	15.26923538	0,1e-05,0,1e-05,0:0,0,1e-05,1e-05,0:0,1e-05,0,1e-05,0:0,0,0,0,0:0,0,0,2e-05,0	3.4e-05,0.00054,0.000169,0.000633,6.8e-05	59.8477211,46.27308032,48.1191867,0,64.33712296	1	100	100	1209	16
sim160	0,0,0,0,1	3.27242,3.27242,3.27242,3.27242,3.27242	1000000,1000000,1000000,1000000,1000000	0.000000086293,0.000000086293,0.000000086293,0.000000086293,0.000000086293	.02314	.00323,.00323,.00323,.00323,.00323	499	.00293	100.00000826	20	19.20898689	0,0,0,0,1e-05:0,0,0,0,1e-05:0,0,0,0,1e-05:0,0,0,0,1e-05:0,0,0,0,0	4.1e-05,2.9e-05,4e-05,8.8e-05,0.000245	47.56432014,15.04910871,26.44914534,42.85007756,0	1	100	100	296	5
sim163	1,0,0,0,0	6.85916,6.85916,6.85916,6.85916,6.85916	1000000,1000000,1000000,1000000,1000000	0.000000110638,0.000000110638,0.000000110638,0.000000110638,0.000000110638	.01388	.00225,.00225,.00225,.00225,.00225	499	.00266	100.00000991	100	14.51689211	0,0,2e-05,0,1e-05:4e-05,0,1e-05,1e-05,1e-05:5e-05,1e-05,0,1e-05,1e-05:6e-05,0,2e-05,0,0:6e-05,1e-05,2e-05,0,0	0.002299,0.000171,0.00068,0.000236,0.000281	0,50.44589465,45.95291214,44.73959798,66.38983839	1	100	100	3148	24
sim175	1,0,0,0,0	3.11804,3.11804,3.11804,3.11804,3.11804	1000000,1000000,1000000,1000000,1000000	0.000000103924,0.000000103924,0.000000103924,0.000000103924,0.000000103924	.02898	.00435,.00435,.00435,.00435,.00435	499	.00148	100.00000967	269	14.29431600	0,1e-05,1e-05,0,1e-05:6e-05,0,1e-05,0,1e-05:4e-05,0,0,0,1e-05:6e-05,0,1e-05,0,0:5e-05,0,1e-05,0,0	0.003961,0.000276,0.000923,0.000267,0.000509	0,36.16884877,30.03988468,35.40933275,33.51603848	1	100	100	4120	40
