sim183	0,0,0,1,0	5.19380,5.19380,5.19380,5.19380,5.19380	1000000,1000000,1000000,1000000,1000000	0.000000083724,0.000000083724,0.000000083724,0.000000083724,0.000000083724	.01425	.00187,.00187,.00187,.00187,.00187	499	.00329	100.00000996	102	21.41097965	0,4e-05,3e-05,7e-05,1e-05:3e-05,0,2e-05,8e-05,1e-05:3e-05,2e-05,0,6e-05,1e-05:3e-05,3e-05,2e-05,0,1e-05:3e-05,2e-05,2e-05,5e-05,0	0.000827,0.000601,0.000544,0.001504,0.000244	26.12508612,29.88435102,44.72275401,0,30.45232232	1	100	100	3013	26
sim192	1,0,0,0,0	2.50460,2.50460,2.50460,2.50460,2.50460	1000000,1000000,1000000,1000000,1000000	0.000000108148,0.000000108148,0.000000108148,0.000000108148,0.000000108148	.03867	.00451,.00451,.00451,.00451,.00451	499	.00024	100.00000777	34	14.11489018	0,0,0,0,0:0,0,0,0,0:0,0,0,0,0:0,0,0,0,0:0,0,0,0,0	0.000716,4.9e-05,0,6e-06,2e-06	0,49.69328895,-1,58.40120795,82.53467023	1	100	100	482	7
sim195	0,0,0,1,0	3.92282,3.92282,3.92282,3.92282,3.92282	1000000,1000000,1000000,1000000,1000000	0.000000123725,0.000000123725,0.000000123725,0.000000123725,0.000000123725	.02725	.00429,.00429,.00429,.00429,.00429	499	.00176	100.00000998	499	14.83037718	0,4e-05,3e-05,0.00016,2e-05:2e-05,0,3e-05,2e-04,2e-05:1e-05,3e-05,0,2e-04,3e-05:1e-05,3e-05,2e-05,0,2e-05:1e-05,3e-05,3e-05,2e-04,0	0.001002,0.002177,0.002486,0.013008,0.00166	47.17307867,37.82494379,41.7130789,0,49.44059169	0.614532	100	100	15008	74
sim199	0,0,1,0,0	4.50344,4.50344,4.50344,4.50344,4.50344	1000000,1000000,1000000,1000000,1000000	0.000000078134,0.000000078134,0.000000078134,0.000000078134,0.000000078134	.01344	.00391,.00391,.00391,.00391,.00391	499	.00061	100.00000927	21	22.22434807	0,0,0,0,0:0,0,0,0,0:0,0,0,0,0:0,0,0,0,0:0,0,0,0,0	1.4e-05,1.4e-05,0.000359,3.2e-05,3.4e-05	74.50690926,45.90396753,0,27.3429898,16.75883476	1	100	100	342	3
sim201	1,0,0,0,0	3.01934,3.01934,3.01934,3.01934,3.01934	1000000,1000000,1000000,1000000,1000000	0.000000147887,0.000000147887,0.000000147887,0.000000147887,0.000000147887	.04827	.00071,.00071,.00071,.00071,.00071	499	.00358	100.00000998	499	18.82507672	0,0.00025,0.00014,0.00018,0.00021:0.00061,0,0.00017,0.00019,0.00017:0.00068,0.00023,0,0.00017,0.00019:0.00067,0.00023,0.00015,0,0.00017:0.00068,0.00025,0.00015,0.00017,0	0.02651,0.009905,0.006335,0.007611,0.00733	0,15.70630314,31.02257017,39.00474825,26.77093578	0.702817	100	100	38164	277
sim202	0,0,0,1,0	4.47362,4.47362,4.47362,4.47362,4.47362	1000000,1000000,1000000,1000000,1000000	0.000000138548,0.000000138548,0.000000138548,0.000000138548,0.000000138548	.02908	.00189,.00189,.00189,.00189,.00189	499	.00418	100.00000998	499	14.84397567	0,0.00015,0.00021,0.00024,2e-04:0.00011,0,0.00021,0.00023,0.00019:8e-05,0.00012,0,0.00023,0.00021:1e-04,0.00012,0.00024,0,0.00017:0.00011,0.00013,0.00023,0.00028,0	0.003232,0.004231,0.006827,0.008495,0.006381	41.05889673,37.69361131,33.0806004,0,26.98788948	0.772446	100	100	22491	183
sim203	0,1,0,0,0	2.80568,2.80568,2.80568,2.80568,2.80568	1000000,1000000,1000000,1000000,1000000	0.000000101369,0.000000101369,0.000000101369,0.000000101369,0.000000101369	.03518	.00095,.00095,.00095,.00095,.00095	499	.00452	100.00000945	26	24.18368555	0,3e-05,1e-05,2e-05,1e-05:2e-05,0,1e-05,2e-05,1e-05:1e-05,2e-05,0,2e-05,1e-05:1e-05,2e-05,1e-05,0,1e-05:1e-05,2e-05,1e-05,2e-05,0	0.00037,0.000437,0.000273,0.000528,0.000196	28.89026075,0,42.66838233,12.53324337,46.3421481	1	100	100	1166	8
sim207	1,0,0,0,0	5.17934,5.17934,5.17934,5.17934,5.17934	1000000,1000000,1000000,1000000,1000000	0.000000074530,0.000000074530,0.000000074530,0.000000074530,0.000000074530	.01010	.00429,.00429,.00429,.00429,.00429	499	.00064	100.00000770	23	21.85520223	0,0,0,0,0:1e-05,0,0,0,0:1e-05,0,0,0,0:0,0,0,0,0:0,0,0,0,0	0.000395,1.6e-05,8e-06,8e-06,3e-06	0,45.02966222,78.92338123,79.95744651,63.75557039	1	100	100	348	6
sim210	0,0,0,0,1	3.85232,3.85232,3.85232,3.85232,3.85232	1000000,1000000,1000000,1000000,1000000	0.000000103935,0.000000103935,0.000000103935,0.000000103935,0.000000103935	.02430	.00268,.00268,.00268,.00268,.00268	499	.00018	100.00000997	121	16.58378645	0,0,0,0,0:0,0,0,0,1e-05:0,0,0,0,0:0,0,0,0,0:0,0,0,0,0	2e-06,4.6e-05,5e-06,1.1e-05,0.003514	88.39196793,48.02498621,82.6767563,53.32362337,0	1	100	100	2655	27
sim216	0,1,0,0,0	3.31322,3.31322,3.31322,3.31322,3.31322	1000000,1000000,1000000,1000000,1000000	0.000000174175,0.000000174175,0.000000174175,0.000000174175,0.000000174175	.04915	.00342,.00342,.00342,.00342,.00342	499	.00131	100.00000976	499	14.38739422	0,0.00026,2e-05,5e-05,4e-05:2e-05,0,1e-05,6e-05,5e-05:2e-05,0.00026,0,4e-05,5e-05:2e-05,0.00024,2e-05,0,5e-05:1e-05,0.00027,1e-05,5e-05,0	0.003118,0.032191,0.00249,0.006963,0.006316	27.46574964,0,59.59794383,36.67692701,27.36751255	0.37128	100	100	35506	133
