sim403	1,0,0,0,0	4.59578,4.59578,4.59578,4.59578,4.59578	1000000,1000000,1000000,1000000,1000000	0.000000089250,0.000000089250,0.000000089250,0.000000089250,0.000000089250	.01738	.00204,.00204,.00204,.00204,.00204	499	.00139	100.00000980	36	19.41454535	0,0,0,0,0:1e-05,0,0,0,0:1e-05,0,0,0,0:1e-05,0,0,0,0:1e-05,0,0,0,0	0.000732,2.1e-05,3.5e-05,0.000236,8.9e-05	0,79.17256844,71.74703231,50.23146023,51.665586	1	100	100	876	13
sim406	0,0,0,0,1	4.28408,4.28408,4.28408,4.28408,4.28408	1000000,1000000,1000000,1000000,1000000	0.000000119611,0.000000119611,0.000000119611,0.000000119611,0.000000119611	.02443	.00349,.00349,.00349,.00349,.00349	499	.00324	100.00000996	499	17.76673098	0,0.00015,0.00016,0.00043,0.00011:0.00019,0,0.00014,4e-04,1e-04:0.00024,0.00015,0,0.00044,1e-04:0.00021,0.00013,0.00014,0,0.00011:0.00018,0.00013,0.00012,0.00039,0	0.007739,0.005057,0.004875,0.014799,0.003976	25.61426296,21.18549861,28.16815261,1.22484495,0	0.367452	100	100	27847	112
sim407	0,0,0,1,0	4.10354,4.10354,4.10354,4.10354,4.10354	1000000,1000000,1000000,1000000,1000000	0.000000068980,0.000000068980,0.000000068980,0.000000068980,0.000000068980	.01218	.00463,.00463,.00463,.00463,.00463	499	.00117	100.00000964	93	16.50115226	0,0,0,1e-05,0:0,0,0,1e-05,0:0,0,0,1e-05,0:0,0,0,0,0:0,0,0,2e-05,0	8.9e-05,2.8e-05,1.9e-05,0.000917,1.3e-05	34.94071159,51.47227313,72.18911643,0,39.7890062	1	100	100	823	7
sim411	1,0,0,0,0	4.32602,4.32602,4.32602,4.32602,4.32602	1000000,1000000,1000000,1000000,1000000	0.000000107674,0.000000107674,0.000000107674,0.000000107674,0.000000107674	.02387	.00102,.00102,.00102,.00102,.00102	499	.00045	100.00000997	137	20.79008673	0,0,1e-05,0,0:2e-05,0,0,0,0:3e-05,0,0,0,0:2e-05,0,0,0,0:3e-05,0,0,0,0	0.007062,4e-05,0.001077,0.000308,3.7e-05	0,72.55887081,29.90677435,40.73489138,64.55231089	1	100	100	6543	64
sim414	0,0,1,0,0	5.71472,5.71472,5.71472,5.71472,5.71472	1000000,1000000,1000000,1000000,1000000	0.000000107151,0.000000107151,0.000000107151,0.000000107151,0.000000107151	.01774	.00101,.00101,.00101,.00101,.00101	499	.00166	100.00000997	371	19.72856078	0,2e-05,0.00022,3e-05,2e-05:3e-05,0,0.00024,2e-05,2e-05:3e-05,3e-05,0,3e-05,2e-05:3e-05,2e-05,0.00019,0,2e-05:4e-05,3e-05,0.00022,3e-05,0	0.001754,0.001511,0.014379,0.001874,0.001164	38.41913785,39.99034754,0,18.14679813,31.42657534	1	100	100	17031	181
sim415	0,1,0,0,0	6.24488,6.24488,6.24488,6.24488,6.24488	1000000,1000000,1000000,1000000,1000000	0.000000126521,0.000000126521,0.000000126521,0.000000126521,0.000000126521	.01573	.00453,.00453,.00453,.00453,.00453	499	.00197	100.00000974	499	17.65905565	0,0.00059,8e-05,7e-05,7e-05:7e-05,0,1e-04,7e-05,6e-05:6e-05,0.00056,0,6e-05,6e-05:6e-05,0.00062,8e-05,0,7e-05:6e-05,0.00058,8e-05,6e-05,0	0.003459,0.036095,0.00628,0.004037,0.004191	37.26837251,0,37.02838368,48.22109563,39.80542421	0.210637	100	100	45230	91
sim418	0,1,0,0,0	5.66990,5.66990,5.66990,5.66990,5.66990	1000000,1000000,1000000,1000000,1000000	0.000000125418,0.000000125418,0.000000125418,0.000000125418,0.000000125418	.01726	.00486,.00486,.00486,.00486,.00486	499	.00053	100.00000998	499	15.99217570	0,0.00013,0,0,0:1e-05,0,0,0,1e-05:0,0.00014,0,0,1e-05:0,0.00015,1e-05,0,0:0,0.00013,0,0,0	0.000585,0.032918,0.001065,0.000551,0.001062	54.52040422,0,45.67169902,55.62168023,41.31925362	0.284817	100	100	29682	86
sim419	1,0,0,0,0	3.31580,3.31580,3.31580,3.31580,3.31580	1000000,1000000,1000000,1000000,1000000	0.000000124441,0.000000124441,0.000000124441,0.000000124441,0.000000124441	.03417	.00336,.00336,.00336,.00336,.00336	499	.00431	100.00000991	29	14.21345894	0,1e-05,0,1e-05,0:2e-05,0,1e-05,0,0:2e-05,1e-05,0,0,0:1e-05,1e-05,0,0,0:1e-05,0,1e-05,0,0	0.000456,0.000289,0.000187,0.000132,7.9e-05	0,52.59285256,66.3246291,57.72739789,61.0863286	1	100	100	782	5
sim422	0,0,0,1,0	5.41826,5.41826,5.41826,5.41826,5.41826	1000000,1000000,1000000,1000000,1000000	0.000000114433,0.000000114433,0.000000114433,0.000000114433,0.000000114433	.01807	.00305,.00305,.00305,.00305,.00305	499	.00029	100.00000988	499	14.47285764	0,0,0,4e-05,0:0,0,0,3e-05,0:0,0,0,2e-05,0:0,0,0,0,0:0,0,0,3e-05,0	0.000187,0.000531,0.000673,0.013508,0.000812	65.04605844,41.10976381,53.35467233,0,49.18452692	0.823432	100	100	12714	121
sim424	0,0,1,0,0	3.79592,3.79592,3.79592,3.79592,3.79592	1000000,1000000,1000000,1000000,1000000	0.000000092164,0.000000092164,0.000000092164,0.000000092164,0.000000092164	.02029	.00399,.00399,.00399,.00399,.00399	499	.00307	100.00000920	48	14.57242893	0,0,0,0,0:2e-05,0,1e-05,0,1e-05:1e-05,0,0,0,0:1e-05,0,0,0,0:1e-05,0,1e-05,0,0	0.00041,9e-05,0.000111,3.4e-05,0.000127	8.57605945,20.67263633,0,33.9942748,12.62419668	1	100	100	565	5
