sim312	0,0,0,0,1	5.34758,5.34758,5.34758,5.34758,5.34758	1000000,1000000,1000000,1000000,1000000	0.000000089037,0.000000089037,0.000000089037,0.000000089037,0.000000089037	.01424	.00241,.00241,.00241,.00241,.00241	499	.00274	100.00000796	42	17.51549310	0,2e-05,0,0,1e-05:0,0,0,0,1e-05:0,2e-05,0,0,1e-05:0,2e-05,0,0,1e-05:0,2e-05,0,0,0	7.3e-05,0.000592,5.5e-05,3.7e-05,0.000336	26.39702378,12.74162621,46.15095289,63.06853624,0	1	100	100	875	9
sim314	0,1,0,0,0	4.72610,4.72610,4.72610,4.72610,4.72610	1000000,1000000,1000000,1000000,1000000	0.000000123162,0.000000123162,0.000000123162,0.000000123162,0.000000123162	.02553	.00053,.00053,.00053,.00053,.00053	499	.00225	100.00000986	30	22.35744555	0,4e-05,0,0,1e-05:0,0,0,0,0:0,4e-05,0,0,1e-05:0,4e-05,1e-05,0,0:0,4e-05,0,0,0	0.000164,0.001949,0.000248,0.000189,0.000421	57.52825248,0,43.94846904,57.49858733,53.36483396	1	100	100	2316	20
sim317	0,1,0,0,0	4.60400,4.60400,4.60400,4.60400,4.60400	1000000,1000000,1000000,1000000,1000000	0.000000071223,0.000000071223,0.000000071223,0.000000071223,0.000000071223	.01220	.00327,.00327,.00327,.00327,.00327	499	.00266	100.00000138	27	21.75382646	0,1e-05,0,0,0:0,0,0,0,0:0,2e-05,0,0,0:0,1e-05,0,0,0:0,1e-05,0,0,0	5e-05,0.000381,8.8e-05,4.5e-05,1e-05	58.60310341,0,51.46621007,33.88584426,37.33813133	1	100	100	446	3
sim325	0,0,0,0,1	5.51516,5.51516,5.51516,5.51516,5.51516	1000000,1000000,1000000,1000000,1000000	0.000000143725,0.000000143725,0.000000143725,0.000000143725,0.000000143725	.02269	.00337,.00337,.00337,.00337,.00337	499	.00070	100.00000994	499	14.79437904	0,0,1e-05,0,0.00016:0,0,1e-05,1e-05,0.00015:0,1e-05,0,1e-05,0.00014:0,0,0,0,0.00015:0,0,0,0,0	0.000888,0.001399,0.001081,0.0015,0.030584	61.1709612,61.50277659,61.5348963,50.56231318,0	0.440424	100	100	28965	142
sim326	1,0,0,0,0	4.99748,4.99748,4.99748,4.99748,4.99748	1000000,1000000,1000000,1000000,1000000	0.000000106196,0.000000106196,0.000000106196,0.000000106196,0.000000106196	.02055	.00070,.00070,.00070,.00070,.00070	499	.00125	100.00000993	179	20.82500362	0,2e-05,1e-05,1e-05,1e-05:1e-04,0,1e-05,1e-05,1e-05:1e-04,1e-05,0,2e-05,1e-05:1e-04,2e-05,1e-05,0,1e-05:1e-04,1e-05,1e-05,1e-05,0	0.008156,0.001295,0.001155,0.001155,0.000694	0,26.025139,38.30980944,24.8045031,37.65563103	1	100	100	9935	101
sim333	0,1,0,0,0	6.73190,6.73190,6.73190,6.73190,6.73190	1000000,1000000,1000000,1000000,1000000	0.000000112961,0.000000112961,0.000000112961,0.000000112961,0.000000112961	.01229	.00449,.00449,.00449,.00449,.00449	499	.00252	100.00000998	499	14.08821779	0,0.00016,8e-05,4e-05,2e-05:3e-05,0,9e-05,4e-05,2e-05:4e-05,0.00016,0,4e-05,2e-05:4e-05,0.00016,5e-05,0,1e-05:4e-05,0.00015,7e-05,6e-05,0	0.001614,0.00694,0.003452,0.002002,0.000956	41.2744901,0,22.77273138,37.46418323,49.99193159	0.692094	100	100	12669	83
sim334	0,1,0,0,0	2.96774,2.96774,2.96774,2.96774,2.96774	1000000,1000000,1000000,1000000,1000000	0.000000122359,0.000000122359,0.000000122359,0.000000122359,0.000000122359	.03693	.00430,.00430,.00430,.00430,.00430	499	.00317	100.00000978	270	13.12066884	0,8e-05,3e-05,1e-05,2e-05:3e-05,0,3e-05,1e-05,2e-05:2e-05,9e-05,0,1e-05,2e-05:2e-05,7e-05,3e-05,0,2e-05:3e-05,8e-05,3e-05,1e-05,0	0.00101,0.002996,0.001489,0.000373,0.000726	27.73945435,0,40.77435016,26.6159327,27.86595771	1	100	100	4373	50
sim336	0,0,0,1,0	5.29304,5.29304,5.29304,5.29304,5.29304	1000000,1000000,1000000,1000000,1000000	0.000000101785,0.000000101785,0.000000101785,0.000000101785,0.000000101785	.01766	.00157,.00157,.00157,.00157,.00157	499	.00399	100.00000999	304	18.56197426	0,0.00011,6e-05,0.00017,1e-04:9e-05,0,5e-05,0.00018,8e-05:9e-05,9e-05,0,0.00018,8e-05:8e-05,8e-05,6e-05,0,8e-05:8e-05,9e-05,6e-05,0.00016,0	0.001952,0.00245,0.001553,0.004779,0.002026	29.90648505,31.64736186,12.40209484,0,31.03300382	1	100	100	10351	119
sim338	1,0,0,0,0	5.88122,5.88122,5.88122,5.88122,5.88122	1000000,1000000,1000000,1000000,1000000	0.000000098510,0.000000098510,0.000000098510,0.000000098510,0.000000098510	.01348	.00327,.00327,.00327,.00327,.00327	499	.00069	100.00000990	386	15.70076007	0,1e-05,2e-05,0,4e-05:0,0,1e-05,0,4e-05:0,1e-05,0,0,4e-05:0,1e-05,1e-05,0,4e-05:0,1e-05,1e-05,0,0	0.000261,0.001418,0.001547,0.000213,0.006366	0,20.8819704,23.34162131,64.64617726,3.28425411	1	100	100	8116	67
sim339	0,0,1,0,0	3.25832,3.25832,3.25832,3.25832,3.25832	1000000,1000000,1000000,1000000,1000000	0.000000098010,0.000000098010,0.000000098010,0.000000098010,0.000000098010	.02624	.00384,.00384,.00384,.00384,.00384	499	.00465	100.00000990	63	13.57670961	0,1e-05,1e-05,0,2e-05:1e-05,0,1e-05,1e-05,2e-05:1e-05,0,0,1e-05,2e-05:0,0,0,0,3e-05:0,1e-05,0,1e-05,0	0.000192,0.000155,9.1e-05,0.000213,0.000488	27.18615826,33.03505548,0,32.04596282,1.77178046	1	100	100	740	5
