sim242	0,1,0,0,0	3.49142,3.49142,3.49142,3.49142,3.49142	1000000,1000000,1000000,1000000,1000000	0.000000108932,0.000000108932,0.000000108932,0.000000108932,0.000000108932	.02630	.00490,.00490,.00490,.00490,.00490	499	.00279	100.00000989	499	15.64767954	0,0.00017,6e-05,6e-05,7e-05:6e-05,0,5e-05,6e-05,6e-05:4e-05,0.00015,0,6e-05,7e-05:4e-05,0.00017,5e-05,0,8e-05:5e-05,0.00015,7e-05,6e-05,0	0.001752,0.006305,0.002107,0.002572,0.00244	39.97445574,0,18.99741176,13.79363272,17.09544934	0.669799	100	100	11028	67
sim247	0,1,0,0,0	6.94340,6.94340,6.94340,6.94340,6.94340	1000000,1000000,1000000,1000000,1000000	0.000000103317,0.000000103317,0.000000103317,0.000000103317,0.000000103317	.01167	.00321,.00321,.00321,.00321,.00321	499	.00236	100.00000993	400	14.61615627	0,0.00016,1e-05,3e-05,2e-05:3e-05,0,2e-05,3e-05,2e-05:2e-05,0.00016,0,2e-05,1e-05:2e-05,0.00015,2e-05,0,1e-05:1e-05,0.00012,2e-05,2e-05,0	0.001073,0.005874,0.000851,0.00137,0.000745	36.48062722,0,38.02066523,38.07206313,31.95514512	1	100	100	8412	94
sim248	0,0,0,0,1	6.10094,6.10094,6.10094,6.10094,6.10094	1000000,1000000,1000000,1000000,1000000	0.000000085230,0.000000085230,0.000000085230,0.000000085230,0.000000085230	.01281	.00116,.00116,.00116,.00116,.00116	499	.00363	100.00000927	58	21.43049003	0,1e-05,3e-05,1e-05,4e-05:1e-05,0,3e-05,1e-05,4e-05:1e-05,2e-05,0,1e-05,3e-05:1e-05,1e-05,3e-05,0,3e-05:1e-05,1e-05,3e-05,1e-05,0	0.000234,0.000376,0.000661,0.000287,0.000794	50.76507424,23.24005165,7.82570788,20.51376578,0	1	100	100	1951	13
sim249	0,0,0,0,1	4.18208,4.18208,4.18208,4.18208,4.18208	1000000,1000000,1000000,1000000,1000000	0.000000127637,0.000000127637,0.000000127637,0.000000127637,0.000000127637	.02817	.00235,.00235,.00235,.00235,.00235	499	.00277	100.00000993	499	15.65574429	0,8e-05,5e-05,6e-05,0.00015:0.00017,0,7e-05,5e-05,0.00015:0.00018,6e-05,0,5e-05,0.00015:0.00021,9e-05,6e-05,0,0.00014:0.00018,8e-05,6e-05,5e-05,0	0.008455,0.003428,0.003099,0.002285,0.006952	16.947656,32.49071555,27.45731853,37.88624296,0	0.810065	100	100	18469	159
sim254	0,0,0,1,0	3.14402,3.14402,3.14402,3.14402,3.14402	1000000,1000000,1000000,1000000,1000000	0.000000139374,0.000000139374,0.000000139374,0.000000139374,0.000000139374	.04071	.00362,.00362,.00362,.00362,.00362	499	.00105	100.00000994	499	17.95193890	0,1e-05,1e-05,0.00031,2e-05:1e-05,0,1e-05,0.00034,2e-05:2e-05,2e-05,0,0.00032,3e-05:1e-05,2e-05,0,0,2e-05:2e-05,1e-05,2e-05,0.00036,0	0.001999,0.002475,0.00161,0.043334,0.00315	44.19402173,41.78394241,48.27568509,0,40.07185547	0.293875	100	100	35600	99
sim256	0,0,0,0,1	4.62086,4.62086,4.62086,4.62086,4.62086	1000000,1000000,1000000,1000000,1000000	0.000000076336,0.000000076336,0.000000076336,0.000000076336,0.000000076336	.01216	.00436,.00436,.00436,.00436,.00436	499	.00311	100.00000985	108	18.02544210	0,0,1e-05,1e-05,1e-05:3e-05,0,1e-05,1e-05,0:3e-05,0,0,1e-05,1e-05:3e-05,1e-05,1e-05,0,1e-05:2e-05,1e-05,1e-05,1e-05,0	0.000769,0.000222,0.00032,0.000287,0.000148	13.23732984,35.45278392,28.60302138,19.01962879,0	1	100	100	1359	14
sim259	1,0,0,0,0	7.35356,7.35356,7.35356,7.35356,7.35356	1000000,1000000,1000000,1000000,1000000	0.000000112435,0.000000112435,0.000000112435,0.000000112435,0.000000112435	.01096	.00433,.00433,.00433,.00433,.00433	499	.00350	100.00000817	61	12.30957484	0,1e-05,1e-05,0,0:1e-05,0,2e-05,0,0:1e-05,1e-05,0,0,0:1e-05,0,1e-05,0,0:1e-05,1e-05,1e-05,1e-05,0	0.000301,0.000189,0.000409,0.000206,6.9e-05	0,37.36579389,42.10126799,52.06571798,63.5547117	1	100	100	1039	14
sim262	0,0,0,1,0	3.28850,3.28850,3.28850,3.28850,3.28850	1000000,1000000,1000000,1000000,1000000	0.000000100233,0.000000100233,0.000000100233,0.000000100233,0.000000100233	.02741	.00307,.00307,.00307,.00307,.00307	499	.00492	100.00000955	135	15.91600011	0,4e-05,4e-05,2e-05,4e-05:4e-05,0,6e-05,3e-05,3e-05:4e-05,3e-05,0,3e-05,3e-05:4e-05,3e-05,5e-05,0,3e-05:3e-05,4e-05,5e-05,3e-05,0	7e-04,0.000777,0.000928,0.000532,0.000541	27.07007373,26.02440868,3.21877051,0,32.09412522	1	100	100	2423	18
sim268	0,0,0,1,0	7.26002,7.26002,7.26002,7.26002,7.26002	1000000,1000000,1000000,1000000,1000000	0.000000116087,0.000000116087,0.000000116087,0.000000116087,0.000000116087	.01323	.00276,.00276,.00276,.00276,.00276	499	.00028	100.00000991	499	18.37265578	0,0,0,9e-05,0:0,0,0,9e-05,0:0,0,0,9e-05,0:0,0,0,0,0:0,0,0,8e-05,0	0.00037,0.00046,0.000547,0.037337,0.000434	56.17170425,32.60862933,51.42857729,0,62.81309449	0.379179	100	100	33629	119
sim277	0,0,0,0,1	4.54868,4.54868,4.54868,4.54868,4.54868	1000000,1000000,1000000,1000000,1000000	0.000000140053,0.000000140053,0.000000140053,0.000000140053,0.000000140053	.02714	.00365,.00365,.00365,.00365,.00365	499	.00285	100.00000985	499	12.87467326	0,4e-05,7e-05,9e-05,0.00018:8e-05,0,5e-05,8e-05,0.00017:8e-05,6e-05,0,9e-05,0.00016:8e-05,4e-05,6e-05,0,0.00017:7e-05,5e-05,6e-05,1e-04,0	0.003738,0.002372,0.002811,0.004221,0.008334	35.51902456,49.18301171,37.78881221,23.29985307,0	0.670699	100	100	16618	96
