sim105	0,0,1,0,0	7.27502,7.27502,7.27502,7.27502,7.27502	1000000,1000000,1000000,1000000,1000000	0.000000105778,0.000000105778,0.000000105778,0.000000105778,0.000000105778	.01134	.00320,.00320,.00320,.00320,.00320	499	.00204	100.00000999	499	19.62344194	0,0.00028,0.00021,0.00011,0.00019:0.00013,0,0.00023,9e-05,0.00018:0.00012,0.00028,0,9e-05,0.00019:0.00012,0.00029,0.00023,0,2e-04:0.00013,0.00027,0.00022,1e-04,0	0.006092,0.014248,0.011367,0.004984,0.010076	28.67400939,3.06598329,0,26.20466862,8.55699106	0.277994	100	100	40336	106
sim107	1,0,0,0,0	4.01234,4.01234,4.01234,4.01234,4.01234	1000000,1000000,1000000,1000000,1000000	0.000000097981,0.000000097981,0.000000097981,0.000000097981,0.000000097981	.02090	.00352,.00352,.00352,.00352,.00352	499	.00050	100.00000833	35	17.32325450	0,0,0,0,0:0,0,0,0,0:1e-05,0,0,0,0:0,0,0,0,0:1e-05,0,0,0,0	0.000852,0,2.1e-05,0,1.1e-05	0,85.35978319,59.11109615,90.54436354,68.02951477	1	100	100	676	6
sim108	0,0,1,0,0	2.73734,2.73734,2.73734,2.73734,2.73734	1000000,1000000,1000000,1000000,1000000	0.000000131063,0.000000131063,0.000000131063,0.000000131063,0.000000131063	.04457	.00331,.00331,.00331,.00331,.00331	499	.00152	100.00000807	45	14.22871074	0,0,1e-05,0,0:0,0,1e-05,0,0:0,0,0,0,0:0,0,1e-05,0,0:0,0,1e-05,0,0	3.1e-05,3e-06,0.001189,1.4e-05,0.000103	83.69238178,74.31298362,0,86.48983793,73.53963096	1	100	100	903	8
sim119	0,0,0,0,1	3.87722,3.87722,3.87722,3.87722,3.87722	1000000,1000000,1000000,1000000,1000000	0.000000100148,0.000000100148,0.000000100148,0.000000100148,0.000000100148	.02519	.00064,.00064,.00064,.00064,.00064	499	.00379	100.00000987	96	25.59221755	0,4e-05,5e-05,3e-05,0.00015:5e-05,0,3e-05,3e-05,0.00014:5e-05,3e-05,0,3e-05,0.00012:4e-05,3e-05,5e-05,0,1e-04:4e-05,3e-05,5e-05,2e-05,0	0.001219,0.000874,0.001316,0.000673,0.003922	15.01032635,28.50557115,15.42671422,36.60497016,0	1	100	100	5993	51
sim120	0,0,1,0,0	4.10174,4.10174,4.10174,4.10174,4.10174	1000000,1000000,1000000,1000000,1000000	0.000000133306,0.000000133306,0.000000133306,0.000000133306,0.000000133306	.03063	.00187,.00187,.00187,.00187,.00187	499	.00178	100.00000996	499	17.00140561	0,4e-05,2e-05,4e-05,0.00035:5e-05,0,2e-05,4e-05,0.00035:5e-05,5e-05,0,4e-05,0.00036:4e-05,4e-05,3e-05,0,0.00032:4e-05,4e-05,3e-05,5e-05,0	0.003609,0.003575,0.002194,0.003127,0.025814	24.2139283,40.44961276,0,34.04706038,0.34536956	0.616811	100	100	28869	167
sim124	0,0,1,0,0	4.10096,4.10096,4.10096,4.10096,4.10096	1000000,1000000,1000000,1000000,1000000	0.000000130123,0.000000130123,0.000000130123,0.000000130123,0.000000130123	.02730	.00443,.00443,.00443,.00443,.00443	499	.00395	100.00000999	209	11.83061546	0,3e-05,6e-05,2e-05,2e-05:1e-05,0,5e-05,1e-05,2e-05:2e-05,4e-05,0,2e-05,2e-05:2e-05,1e-05,7e-05,0,2e-05:2e-05,3e-05,6e-05,2e-05,0	0.000583,0.000915,0.002185,0.000524,0.000825	49.14946762,44.2591772,0,41.63811858,20.2739397	1	100	100	3769	47
sim125	0,0,0,1,0	4.47656,4.47656,4.47656,4.47656,4.47656	1000000,1000000,1000000,1000000,1000000	0.000000085278,0.000000085278,0.000000085278,0.000000085278,0.000000085278	.01462	.00443,.00443,.00443,.00443,.00443	499	.00401	100.00000986	159	15.16428185	0,1e-05,2e-05,2e-05,2e-05:4e-05,0,2e-05,2e-05,1e-05:3e-05,1e-05,0,3e-05,2e-05:3e-05,1e-05,2e-05,0,2e-05:4e-05,1e-05,2e-05,3e-05,0	0.000874,0.000263,0.00043,0.000477,0.000305	13.80574935,43.91654545,27.63137551,0,34.76941005	1	100	100	1805	21
sim132	0,0,0,0,1	7.33034,7.33034,7.33034,7.33034,7.33034	1000000,1000000,1000000,1000000,1000000	0.000000082906,0.000000082906,0.000000082906,0.000000082906,0.000000082906	.01091	.00040,.00040,.00040,.00040,.00040	499	.00227	100.00000889	25	26.88138857	0,0,1e-05,0,2e-05:0,0,1e-05,0,2e-05:1e-05,0,0,0,3e-05:0,0,0,0,3e-05:0,1e-05,0,0,0	0.000132,9.7e-05,0.000383,0.000124,0.000946	49.72286414,49.44068707,33.10448009,48.96897885,0	1	100	100	1448	16
sim139	1,0,0,0,0	5.77148,5.77148,5.77148,5.77148,5.77148	1000000,1000000,1000000,1000000,1000000	0.000000095864,0.000000095864,0.000000095864,0.000000095864,0.000000095864	.01472	.00189,.00189,.00189,.00189,.00189	499	.00483	100.00000883	41	18.78157998	0,1e-05,1e-05,1e-05,1e-05:2e-05,0,0,1e-05,1e-05:2e-05,1e-05,0,1e-05,1e-05:3e-05,1e-05,0,0,1e-05:3e-05,1e-05,0,2e-05,0	0.000472,0.000273,8.6e-05,0.000166,0.000229	0,50.45321528,48.89655489,44.04661114,57.77405827	1	100	100	1023	13
sim141	0,0,0,1,0	2.88860,2.88860,2.88860,2.88860,2.88860	1000000,1000000,1000000,1000000,1000000	0.000000147029,0.000000147029,0.000000147029,0.000000147029,0.000000147029	.04886	.00204,.00204,.00204,.00204,.00204	499	.00263	100.00000998	499	18.36472852	0,0.00021,0.00011,2e-04,0.00062:0.00012,0,1e-04,0.00019,0.00057:0.00012,0.00019,0,0.00022,0.00057:0.00011,0.00021,0.00012,0,6e-04:0.00011,0.00022,1e-04,0.00017,0	0.006991,0.011727,0.006512,0.011355,0.031757	35.45343465,22.31391352,36.63634274,0,3.52960469	0.363173	100	100	44297	152
