sim37	0,0,1,0,0	2.52842,2.52842,2.52842,2.52842,2.52842	1000000,1000000,1000000,1000000,1000000	0.000000096990,0.000000096990,0.000000096990,0.000000096990,0.000000096990	.03389	.00447,.00447,.00447,.00447,.00447	499	.00195	100.00000978	33	17.18534355	0,0,0,0,0:0,0,0,1e-05,0:0,0,0,0,0:0,0,1e-05,0,0:0,0,1e-05,0,0	4.9e-05,0.000126,0.000197,0.000286,1.4e-05	63.80860619,29.48939625,0,9.13605714,56.59799213	1	100	100	417	3
sim42	0,0,1,0,0	3.22004,3.22004,3.22004,3.22004,3.22004	1000000,1000000,1000000,1000000,1000000	0.000000102976,0.000000102976,0.000000102976,0.000000102976,0.000000102976	.02742	.00456,.00456,.00456,.00456,.00456	499	.00143	100.00000668	40	14.13300599	0,0,0,0,0:0,0,1e-05,0,0:0,0,0,0,0:0,0,0,0,0:0,1e-05,0,0,0	0.000121,0.000386,0.000215,1.2e-05,5.6e-05	59.88610484,33.5062334,0,74.79896538,49.36221905	1	100	100	532	3
sim48	0,0,0,1,0	4.98374,4.98374,4.98374,4.98374,4.98374	1000000,1000000,1000000,1000000,1000000	0.000000114326,0.000000114326,0.000000114326,0.000000114326,0.000000114326	.01830	.00464,.00464,.00464,.00464,.00464	499	.00199	100.00000968	275	13.53378891	0,1e-05,0,7e-05,1e-05:0,0,1e-05,8e-05,1e-05:0,1e-05,0,7e-05,2e-05:0,0,1e-05,0,2e-05:0,1e-05,1e-05,8e-05,0	0.000238,0.000423,0.000336,0.004145,0.000688	59.07929431,44.18513216,40.40166121,0,57.07652322	1	100	100	4700	52
sim51	0,0,1,0,0	5.24102,5.24102,5.24102,5.24102,5.24102	1000000,1000000,1000000,1000000,1000000	0.000000119233,0.000000119233,0.000000119233,0.000000119233,0.000000119233	.01799	.00476,.00476,.00476,.00476,.00476	499	.00478	100.00000995	499	17.61035671	0,0.00025,0.00072,2e-04,0.00022:0.00027,0,0.00073,0.00022,0.00021:0.00029,0.00024,0,0.00021,0.00023:0.00026,0.00024,0.00076,0,0.00025:0.00027,0.00026,0.00071,2e-04,0	0.006401,0.006305,0.018117,0.005097,0.005559	31.49236554,30.22597386,0,21.04740812,27.0021054	0.246785	100	100	33555	94
sim52	0,1,0,0,0	4.46390,4.46390,4.46390,4.46390,4.46390	1000000,1000000,1000000,1000000,1000000	0.000000092134,0.000000092134,0.000000092134,0.000000092134,0.000000092134	.02034	.00030,.00030,.00030,.00030,.00030	499	.00302	100.00000997	33	28.63984608	0,8e-05,1e-05,2e-05,1e-05:1e-05,0,2e-05,2e-05,1e-05:1e-05,7e-05,0,2e-05,2e-05:2e-05,7e-05,1e-05,0,1e-05:1e-05,7e-05,0,2e-05,0	0.000308,0.002104,0.000281,0.000584,0.000354	45.52268611,0,49.48586206,32.60005766,29.58021688	1	100	100	2803	25
sim54	0,0,0,1,0	2.20430,2.20430,2.20430,2.20430,2.20430	1000000,1000000,1000000,1000000,1000000	0.000000116894,0.000000116894,0.000000116894,0.000000116894,0.000000116894	.04986	.00317,.00317,.00317,.00317,.00317	499	.00271	100.00000974	72	16.24821298	0,1e-05,0,3e-05,1e-05:0,0,1e-05,2e-05,0:0,0,0,4e-05,1e-05:0,1e-05,0,0,1e-05:0,1e-05,1e-05,3e-05,0	7e-05,0.000288,0.000225,0.001542,0.000233	55.88876406,43.66290133,47.71272828,0,10.83142121	1	100	100	1308	19
sim62	0,0,0,1,0	3.66740,3.66740,3.66740,3.66740,3.66740	1000000,1000000,1000000,1000000,1000000	0.000000103310,0.000000103310,0.000000103310,0.000000103310,0.000000103310	.02702	.00115,.00115,.00115,.00115,.00115	499	.00197	100.00000851	22	17.46659532	0,0,0,2e-05,0:0,0,0,2e-05,0:0,0,0,2e-05,0:0,0,0,0,0:0,0,0,1e-05,0	6.3e-05,3.8e-05,4.8e-05,0.000943,2.1e-05	47.1261692,71.45404643,68.75438819,0,55.42842489	1	100	100	819	7
sim67	0,0,0,0,1	2.48396,2.48396,2.48396,2.48396,2.48396	1000000,1000000,1000000,1000000,1000000	0.000000121937,0.000000121937,0.000000121937,0.000000121937,0.000000121937	.04801	.00108,.00108,.00108,.00108,.00108	499	.00472	100.00000898	76	21.08674046	0,3e-05,3e-05,3e-05,8e-05:2e-05,0,3e-05,3e-05,8e-05:3e-05,3e-05,0,3e-05,8e-05:4e-05,4e-05,4e-05,0,8e-05:2e-05,3e-05,3e-05,3e-05,0	0.000913,0.000818,9e-04,0.000803,0.002124	32.545523,28.46505905,20.62943281,35.24455133,0	1	100	100	3296	29
sim69	0,0,0,0,1	2.98934,2.98934,2.98934,2.98934,2.98934	1000000,1000000,1000000,1000000,1000000	0.000000115777,0.000000115777,0.000000115777,0.000000115777,0.000000115777	.03500	.00373,.00373,.00373,.00373,.00373	499	.00380	100.00000962	214	13.72033588	0,3e-05,2e-05,2e-05,9e-05:2e-05,0,2e-05,1e-05,9e-05:2e-05,2e-05,0,2e-05,9e-05:2e-05,2e-05,2e-05,0,9e-05:2e-05,1e-05,3e-05,2e-05,0	0.000673,0.000633,0.000692,0.00047,0.003153	34.29469973,35.1452143,33.53216333,38.83051214,0	1	100	100	3826	38
sim72	0,0,0,1,0	6.49370,6.49370,6.49370,6.49370,6.49370	1000000,1000000,1000000,1000000,1000000	0.000000115328,0.000000115328,0.000000115328,0.000000115328,0.000000115328	.01542	.00234,.00234,.00234,.00234,.00234	499	.00218	100.00000994	414	14.83036206	0,4e-05,2e-05,0.00014,2e-05:1e-05,0,2e-05,0.00017,2e-05:2e-05,4e-05,0,0.00017,1e-05:2e-05,4e-05,3e-05,0,2e-05:1e-05,4e-05,3e-05,0.00015,0	0.000753,0.002351,0.00138,0.008472,0.000789	42.99551248,44.99250937,47.35259803,0,47.15856389	1	100	100	11647	117
