sim278	1,0,0,0,0	5.70062,5.70062,5.70062,5.70062,5.70062	1000000,1000000,1000000,1000000,1000000	0.000000102668,0.000000102668,0.000000102668,0.000000102668,0.000000102668	.01510	.00291,.00291,.00291,.00291,.00291	499	.00315	100.00000931	181	15.80803928	0,9e-05,2e-05,2e-05,2e-05:1e-05,0,2e-05,2e-05,2e-05:1e-05,9e-05,0,1e-05,1e-05:2e-05,0.00011,2e-05,0,1e-05:3e-05,1e-04,1e-05,2e-05,0	0.000565,0.003162,0.000586,0.000619,0.000405	0,10.40945967,35.65860771,43.44362934,54.26306016	1	100	100	4432	48
sim279	1,0,0,0,0	5.78432,5.78432,5.78432,5.78432,5.78432	1000000,1000000,1000000,1000000,1000000	0.000000117421,0.000000117421,0.000000117421,0.000000117421,0.000000117421	.01750	.00280,.00280,.00280,.00280,.00280	499	.00455	100.00000996	350	13.43608091	0,3e-05,7e-05,7e-05,6e-05:0.00015,0,6e-05,1e-04,7e-05:0.00013,6e-05,0,8e-05,6e-05:0.00015,5e-05,5e-05,0,5e-05:0.00014,4e-05,6e-05,8e-05,0	0.003696,0.001176,0.001605,0.002315,0.001527	0,41.86790816,49.45964097,34.91854787,37.9837549	1	100	100	8572	104
sim280	0,0,1,0,0	2.39588,2.39588,2.39588,2.39588,2.39588	1000000,1000000,1000000,1000000,1000000	0.000000117469,0.000000117469,0.000000117469,0.000000117469,0.000000117469	.04638	.00265,.00265,.00265,.00265,.00265	499	.00315	100.00000915	57	16.88472317	0,1e-05,2e-05,0,0:0,0,2e-05,0,0:0,1e-05,0,0,0:0,0,2e-05,0,0:0,2e-05,2e-05,0,0	6.9e-05,0.000418,0.000886,0.000103,6.7e-05	33.97601436,37.25822584,0,29.29957816,42.27131501	1	100	100	869	18
sim282	0,0,1,0,0	2.94188,2.94188,2.94188,2.94188,2.94188	1000000,1000000,1000000,1000000,1000000	0.000000077224,0.000000077224,0.000000077224,0.000000077224,0.000000077224	.02298	.00327,.00327,.00327,.00327,.00327	499	.00302	100.00000989	31	20.06796890	0,0,1e-05,0,0:0,0,1e-05,0,0:0,0,0,0,0:0,0,1e-05,0,0:0,0,0,0,0	8e-06,3.3e-05,0.000349,9.2e-05,9e-06	76.8241254,32.80025334,0,42.95459157,74.38099759	1	100	100	341	12
sim284	0,0,0,0,1	2.99246,2.99246,2.99246,2.99246,2.99246	1000000,1000000,1000000,1000000,1000000	0.000000144416,0.000000144416,0.000000144416,0.000000144416,0.000000144416	.04415	.00411,.00411,.00411,.00411,.00411	499	.00435	100.00000994	499	13.21601986	0,8e-05,9e-05,8e-05,0.00028:0.00012,0,7e-05,9e-05,0.00031:0.00014,8e-05,0,0.00011,0.00029:0.00013,8e-05,8e-05,0,0.00027:0.00013,7e-05,8e-05,1e-04,0	0.004607,0.002712,0.00292,0.003033,0.009343	29.78558044,40.9909543,37.30081641,39.7953136,0	0.638924	100	100	15107	99
sim285	0,0,0,0,1	7.08878,7.08878,7.08878,7.08878,7.08878	1000000,1000000,1000000,1000000,1000000	0.000000116255,0.000000116255,0.000000116255,0.000000116255,0.000000116255	.01444	.00196,.00196,.00196,.00196,.00196	499	.00125	100.00000982	130	14.73607031	0,1e-05,0,1e-05,5e-05:0,0,0,1e-05,3e-05:0,1e-05,0,0,4e-05:0,0,0,0,4e-05:0,0,0,0,0	0.000219,0.000618,0.000385,0.000531,0.003411	42.09356292,48.4912926,62.88417495,44.64049956,0	1	100	100	4416	38
sim291	1,0,0,0,0	7.24502,7.24502,7.24502,7.24502,7.24502	1000000,1000000,1000000,1000000,1000000	0.000000115268,0.000000115268,0.000000115268,0.000000115268,0.000000115268	.01294	.00297,.00297,.00297,.00297,.00297	499	.00324	100.00000996	499	16.38716602	0,1e-04,8e-05,1e-04,0.00028:0.00017,0,9e-05,1e-04,0.00026:0.00018,9e-05,0,1e-04,0.00028:0.00018,1e-04,0.00011,0,0.00027:2e-04,0.00012,1e-04,1e-04,0	0.006411,0.003716,0.003527,0.003498,0.009758	0,35.61224844,37.45378807,35.95744292,17.20986305	0.56448	100	100	23271	126
sim298	1,0,0,0,0	5.06816,5.06816,5.06816,5.06816,5.06816	1000000,1000000,1000000,1000000,1000000	0.000000124321,0.000000124321,0.000000124321,0.000000124321,0.000000124321	.02380	.00073,.00073,.00073,.00073,.00073	499	.00282	100.00000996	499	18.65123168	0,2e-04,0.00016,0.00014,0.00011:3e-04,0,0.00014,0.00013,9e-05:0.00029,2e-04,0,0.00014,0.00011:0.00032,0.00019,0.00014,0,1e-04:0.00028,0.00022,0.00016,0.00014,0	0.012912,0.008604,0.006172,0.006061,0.004349	0,11.81868042,14.13547594,6.96458197,11.50121528	0.950476	100	100	30639	293
sim301	0,0,0,0,1	5.97074,5.97074,5.97074,5.97074,5.97074	1000000,1000000,1000000,1000000,1000000	0.000000098278,0.000000098278,0.000000098278,0.000000098278,0.000000098278	.01577	.00069,.00069,.00069,.00069,.00069	499	.00126	100.00000994	71	22.35259289	0,0,0,0,4e-05:0,0,0,0,5e-05:1e-05,0,0,0,6e-05:1e-05,0,0,0,6e-05:0,0,0,0,0	0.000263,0.000165,0.000288,0.000174,0.003994	35.42710625,31.50418694,51.2425652,28.41010695,0	1	100	100	4069	37
sim306	0,0,0,1,0	4.71110,4.71110,4.71110,4.71110,4.71110	1000000,1000000,1000000,1000000,1000000	0.000000104350,0.000000104350,0.000000104350,0.000000104350,0.000000104350	.02189	.00026,.00026,.00026,.00026,.00026	499	.00212	100.00000992	20	25.80021311	0,2e-05,0,0,0:0,0,0,1e-05,0:0,2e-05,0,0,0:0,2e-05,0,0,0:0,1e-05,0,1e-05,0	0.000143,0.000956,4.7e-05,0.000273,9.9e-05	53.56446661,23.28613016,39.74779641,0,35.84443795	1	100	100	1185	15
