sim425	0,1,0,0,0	6.13424,6.13424,6.13424,6.13424,6.13424	1000000,1000000,1000000,1000000,1000000	0.000000089253,0.000000089253,0.000000089253,0.000000089253,0.000000089253	.01221	.00234,.00234,.00234,.00234,.00234	499	.00335	100.00000947	93	18.16388760	0,5e-05,2e-05,1e-05,1e-05:1e-05,0,2e-05,1e-05,1e-05:0,7e-05,0,1e-05,1e-05:1e-05,6e-05,2e-05,0,1e-05:1e-05,4e-05,1e-05,1e-05,0	0.000331,0.001423,0.000529,0.000197,0.000321	42.03098624,0,34.98702675,39.56978474,32.29883124	1	100	100	2329	32
sim434	1,0,0,0,0	3.26456,3.26456,3.26456,3.26456,3.26456	1000000,1000000,1000000,1000000,1000000	0.000000092550,0.000000092550,0.000000092550,0.000000092550,0.000000092550	.02636	.00199,.00199,.00199,.00199,.00199	499	.00354	100.00000996	183	18.20713995	0,3e-05,4e-05,9e-05,4e-05:5e-05,0,5e-05,1e-04,5e-05:4e-05,3e-05,0,8e-05,5e-05:4e-05,3e-05,5e-05,0,4e-05:4e-05,2e-05,5e-05,8e-05,0	0.000985,0.000841,0.001322,0.002149,0.001167	0,28.25505925,8.30970701,4.23865947,16.36930891	1	100	100	4538	35
sim437	0,1,0,0,0	7.18748,7.18748,7.18748,7.18748,7.18748	1000000,1000000,1000000,1000000,1000000	0.000000084596,0.000000084596,0.000000084596,0.000000084596,0.000000084596	.01116	.00061,.00061,.00061,.00061,.00061	499	.00184	100.00000994	148	24.69975737	0,0.00014,3e-05,2e-05,2e-05:1e-05,0,3e-05,4e-05,2e-05:1e-05,0.00012,0,3e-05,2e-05:2e-05,0.00012,3e-05,0,2e-05:1e-05,0.00012,3e-05,3e-05,0	0.000587,0.005388,0.001206,0.001382,0.00061	41.64907172,0,28.60351158,23.96564799,36.66253176	1	100	100	7900	84
sim438	0,0,0,0,1	3.10928,3.10928,3.10928,3.10928,3.10928	1000000,1000000,1000000,1000000,1000000	0.000000166688,0.000000166688,0.000000166688,0.000000166688,0.000000166688	.04882	.00479,.00479,.00479,.00479,.00479	499	.00215	100.00000986	499	13.38092938	0,3e-05,4e-05,6e-05,3e-04:3e-05,0,3e-05,5e-05,0.00031:2e-05,2e-05,0,4e-05,3e-04:2e-05,3e-05,4e-05,0,0.00032:3e-05,3e-05,4e-05,4e-05,0	0.00191,0.001747,0.002813,0.003392,0.02288	51.86654206,41.53127454,15.51499167,46.14094101,0	0.426496	100	100	22245	95
sim441	0,0,0,0,1	2.68994,2.68994,2.68994,2.68994,2.68994	1000000,1000000,1000000,1000000,1000000	0.000000128363,0.000000128363,0.000000128363,0.000000128363,0.000000128363	.04607	.00165,.00165,.00165,.00165,.00165	499	.00483	100.00000996	208	17.06819557	0,6e-05,4e-05,9e-05,0.00016:5e-05,0,5e-05,8e-05,0.00016:4e-05,8e-05,0,6e-05,0.00017:6e-05,7e-05,5e-05,0,0.00017:5e-05,5e-05,5e-05,7e-05,0	0.001231,0.001727,0.001115,0.002042,0.003887	33.15780632,22.88411564,27.75397717,13.66379942,0	1	100	100	6222	66
sim444	1,0,0,0,0	5.67152,5.67152,5.67152,5.67152,5.67152	1000000,1000000,1000000,1000000,1000000	0.000000093069,0.000000093069,0.000000093069,0.000000093069,0.000000093069	.01300	.00341,.00341,.00341,.00341,.00341	499	.00418	100.00000994	468	15.92549880	0,9e-05,5e-05,7e-05,6e-05:0.00022,0,7e-05,8e-05,6e-05:2e-04,8e-05,0,8e-05,5e-05:0.00023,1e-04,6e-05,0,7e-05:0.00019,9e-05,7e-05,6e-05,0	0.004834,0.001984,0.001436,0.001547,0.001187	0,24.33632188,32.20722107,14.75500514,30.46199487	1	100	100	9096	100
sim452	1,0,0,0,0	3.65804,3.65804,3.65804,3.65804,3.65804	1000000,1000000,1000000,1000000,1000000	0.000000096499,0.000000096499,0.000000096499,0.000000096499,0.000000096499	.02263	.00375,.00375,.00375,.00375,.00375	499	.00311	100.00000912	93	16.28608245	0,2e-05,2e-05,1e-05,2e-05:2e-05,0,1e-05,1e-05,1e-05:2e-05,2e-05,0,0,1e-05:2e-05,2e-05,2e-05,0,1e-05:2e-05,2e-05,1e-05,0,0	0.000536,0.000565,0.000355,0.000147,0.000482	0,13.19845168,24.64100395,39.12724493,25.19925664	1	100	100	1499	12
sim455	0,0,0,0,1	2.78756,2.78756,2.78756,2.78756,2.78756	1000000,1000000,1000000,1000000,1000000	0.000000062608,0.000000062608,0.000000062608,0.000000062608,0.000000062608	.01870	.00376,.00376,.00376,.00376,.00376	499	.00019	100.00000880	22	20.18444918	0,0,0,0,0:0,0,0,0,0:0,0,0,0,0:0,0,0,0,0:0,0,0,0,0	2.6e-05,7e-06,5e-06,1e-06,0.000268	36.97798418,53.62979119,56.22201493,81.11770965,0	1	100	100	211	2
sim459	0,0,1,0,0	4.18922,4.18922,4.18922,4.18922,4.18922	1000000,1000000,1000000,1000000,1000000	0.000000111558,0.000000111558,0.000000111558,0.000000111558,0.000000111558	.02503	.00160,.00160,.00160,.00160,.00160	499	.00336	100.00000962	87	18.88306123	0,2e-05,2e-05,1e-05,6e-05:2e-05,0,2e-05,1e-05,5e-05:1e-05,1e-05,0,1e-05,7e-05:1e-05,2e-05,2e-05,0,6e-05:1e-05,2e-05,2e-05,1e-05,0	0.000462,0.000486,0.000557,0.000284,0.001765	40.28377574,10.62795495,0,11.14897542,10.28986311	1	100	100	2645	37
sim461	0,0,1,0,0	2.74286,2.74286,2.74286,2.74286,2.74286	1000000,1000000,1000000,1000000,1000000	0.000000116516,0.000000116516,0.000000116516,0.000000116516,0.000000116516	.04131	.00117,.00117,.00117,.00117,.00117	499	.00324	100.00000949	54	18.70083079	0,1e-05,5e-05,1e-05,1e-05:2e-05,0,3e-05,1e-05,1e-05:2e-05,1e-05,0,1e-05,1e-05:2e-05,1e-05,3e-05,0,1e-05:2e-05,1e-05,3e-05,1e-05,0	0.000668,0.000455,0.001132,0.000337,0.000431	41.86869318,37.18458022,0,49.03964641,50.0856908	1	100	100	1890	20
